-100,-1.0917,-1.3716,-1.5184,-1.6279,-1.7175,-1.7942,-1.8616,-1.9221,-1.9769,-2.0273,-2.0738,-2.1171,-2.1575,-2.1956,-2.2314,-2.2653,-2.2975,-2.3281,-2.3572,-2.3851,-2.4117,-2.4372,-2.4617,-2.4852,-2.5078,-2.5296,-2.5506,-2.5709,-2.5905,-2.6094,-2.6277,-2.6454,-2.6625,-2.6792,-2.6953,-2.7109,-2.7261,-2.7408,-2.7552,-2.7691,-2.7826,-2.7958,-2.8086,-2.8211,-2.8332,-2.8451,-2.8566,-2.8678,-2.8788,-2.8895,-2.8999,-2.9101,-2.9200,-2.9297,-2.9391,-2.9484,-2.9574,-2.9662,-2.9748,-2.9832,-2.9914,-2.9994,-3.0073,-3.0150,-3.0225,-3.0298,-3.0370,-3.0440,-3.0509,-3.0576,-3.0641,-3.0706,-3.0769,-3.0830,-3.0890,-3.0949,-3.1007,-3.1064,-3.1119,-3.1173,-3.1226,-3.1278,-3.1329,-3.1379,-3.1427,-3.1475,-3.1522,-3.1568,-3.1612,-3.1656,-3.1699,-3.1741,-3.1782,-3.1823,-3.1862,-3.1901,-3.1939,-3.1976,-3.2012,-3.2048,-3.2083,-3.2117,-3.2150,-3.2183,-3.2215,-3.2246,-3.2277,-3.2307,-3.2337,-3.2365,-3.2394,-3.2421,-3.2448,-3.2475,-3.2500,-3.2526,-3.2551,-3.2575,-3.2598,-3.2622,-3.2644,-3.2667,-3.2688,-3.2709,-3.2730,-3.2750,-3.2770,-3.2790,-3.2809,-3.2827,-3.2845,-3.2863,-3.2880,-3.2897,-3.2913,-3.2929,-3.2945,-3.2960,-3.2975,-3.2990,-3.3004,-3.3018,-3.3031,-3.3044,-3.3057,-3.3070,-3.3082,-3.3094,-3.3105,-3.3116,-3.3127,-3.3138,-3.3148,-3.3158,-3.3168,-3.3177,-3.3187,-3.3195,-3.3204,-3.3212,-3.3221,-3.3228,-3.3236,-3.3243,-3.3250,-3.3257,-3.3264,-3.3270,-3.3277,-3.3283,-3.3288,-3.3294,-3.3299,-3.3304,-3.3309,-3.3314,-3.3318,-3.3323,-3.3327,-3.3331,-3.3334,-3.3338,-3.3341,-3.3344,-3.3347,-3.3350,-3.3353,-3.3355,-3.3358,-3.3360,-3.3362,-3.3364,-3.3365,-3.3367,-3.3368,-3.3369,-3.3371,-3.3372,-3.3372,-3.3373,-3.3374,-3.3374,-3.3374,-3.3374,-3.3374,-3.3374,-3.3374,-3.3374,-3.3373,-3.3373,-3.3372,-3.3371,-3.3370,-3.3369,-3.3368,-3.3367,-3.3366,-3.3364,-3.3363,-3.3361,-3.3359,-3.3357,-3.3355,-3.3353,-3.3351,-3.3349,-3.3347,-3.3345,-3.3342,-3.3340,-3.3337,-3.3334,-3.3332,-3.3329,-3.3326,-3.3323,-3.3320,-3.3317,-3.3314,-3.3310,-3.3307,-3.3304,-3.3300,-3.3297,-3.3293,-3.3290,-3.3286,-3.3282,-3.3278,-3.3275,-3.3271,-3.3267,-3.3263,-3.3259,-3.3255,-3.3251,-3.3246,-3.3242,-3.3238,-3.3234,-3.3229,-3.3225,-3.3220,-3.3216,-3.3211,-3.3207,-3.3202,-3.3198,-3.3193,-3.3189,-3.3184,-3.3179,-3.3174,-3.3170,-3.3165,-3.3160,-3.3155,-3.3150,-3.3145,-3.3140,-3.3135,-3.3130,-3.3125,-3.3120,-3.3115,-3.3110,-3.3105,-3.3100,-3.3095,-3.3090,-3.3085,-3.3080,-3.3075,-3.3069,-3.3064,-3.3059,-3.3054,-3.3049,-3.3044,-3.3038,-3.3033,-3.3028,-3.3023,-3.3018,-3.3012,-3.3007,-3.3002,-3.2997,-3.2991,-3.2986,-3.2981,-3.2976,-3.2970,-3.2965,-3.2960,-3.2955,-3.2950,-3.2944,-3.2939,-3.2934,-3.2929,-3.2924,-3.2918,-3.2913,-3.2908,-3.2903,-3.2898,-3.2893,-3.2888,-3.2882,-3.2877,-3.2872,-3.2867,-3.2862,-3.2857,-3.2852,-3.2847,-3.2842,-3.2837,-3.2832,-3.2827,-3.2822,-3.2818,-3.2813,-3.2808,-3.2803,-3.2798,-3.2793,-3.2789,-3.2784,-3.2779,-3.2774,-3.2770,-3.2765,-3.2760,-3.2756,-3.2751,-3.2747,-3.2742,-3.2738,-3.2733,-3.2729,-3.2724,-3.2720,-3.2715,-3.2711,-3.2707,-3.2702,-3.2698,-3.2694,-3.2690,-3.2686,-3.2681,-3.2677,-3.2673,-3.2669,-3.2665,-3.2661,-3.2657,-3.2653,-3.2649,-3.2646,-3.2642,-3.2638,-3.2634,-3.2631,-3.2627,-3.2623,-3.2620,-3.2616,-3.2613,-3.2609,-3.2606,-3.2602,-3.2599,-3.2596,-3.2592,-3.2589,-3.2586,-3.2583,-3.2579,-3.2576,-3.2573,-3.2570,-3.2567,-3.2564,-3.2561,-3.2559,-3.2556,-3.2553,-3.2550,-3.2548,-3.2545,-3.2542,-3.2540,-3.2537,-3.2535,-3.2533,-3.2530,-3.2528,-3.2526,-3.2523,-3.2521,-3.2519,-3.2517,-3.2515,-3.2513,-3.2511,-3.2509,-3.2507,-3.2505,-3.2504,-3.2502,-3.2500,-3.2499,-3.2497,-3.2495,-3.2494,-3.2493,-3.2491,-3.2490,-3.2489,-3.2487,-3.2486,-3.2485,-3.2484,-3.2483,-3.2482,-3.2481,-3.2480,-3.2479,-3.2479,-3.2478,-3.2477,-3.2477,-3.2476,-3.2476,-3.2475,-3.2475,-3.2475,-3.2474,-3.2474,-3.2474,-3.2474,-3.2474,-3.2474,-3.2474,-3.2474,-3.2474,-3.2474,-3.2474,-3.2475,-3.2475,-3.2476,-3.2476,-3.2477,-3.2477,-3.2478,-3.2479,-3.2479,-3.2480,-3.2481,-3.2482,-3.2483,-3.2484,-3.2485,-3.2486,-3.2488,-3.2489,-3.2490,-3.2492,-3.2493,-3.2495,-3.2496,-3.2498,-3.2500,-3.2501,-3.2503,-3.2505,-3.2507,-3.2509,-3.2511,-3.2513,-3.2515,-3.2518,-3.2520,-3.2522,-3.2525,-3.2527,-3.2530,-3.2532,-3.2535,-3.2538,-3.2541,-3.2543,-3.2546,-3.2549,-3.2552,-3.2555,-3.2559,-3.2562,-3.2565,-3.2569,-3.2572,-3.2575,-3.2579,-3.2583,-3.2586,-3.2590,-3.2594,-3.2598,-3.2602,-3.2606,-3.2610,-3.2614,-3.2618,-3.2622,-3.2626,-3.2631,-3.2635,-3.2640,-3.2644,-3.2649,-3.2654,-3.2658,-3.2663,-3.2668,-3.2673,-3.2678,-3.2683,-3.2688,-3.2694,-3.2699,-3.2704,-3.2710,-3.2715,-3.2721,-3.2726,-3.2732,-3.2738,-3.2744,-3.2749,-3.2755,-3.2761,-3.2768,-3.2774,-3.2780,-3.2786,-3.2793,-3.2799,-3.2805,-3.2812,-3.2819,-3.2825,-3.2832,-3.2839,-3.2846,-3.2853,-3.2860,-3.2867,-3.2874,-3.2881,-3.2889,-3.2896,-3.2903,-3.2911,-3.2918,-3.2926,-3.2934,-3.2942,-3.2949,-3.2957,-3.2965,-3.2973,-3.2981,-3.2990,-3.2998,-3.3006,-3.3015,-3.3023,-3.3032,-3.3040,-3.3049,-3.3058,-3.3067,-3.3075,-3.3084,-3.3093,-3.3103,-3.3112,-3.3121,-3.3130,-3.3140,-3.3149,-3.3159,-3.3168,-3.3178,-3.3188,-3.3197,-3.3207,-3.3217,-3.3227,-3.3237,-3.3247,-3.3258,-3.3268,-3.3278,-3.3289,-3.3299,-3.3310,-3.3321,-3.3331,-3.3342,-3.3353,-3.3364,-3.3375,-3.3386,-3.3397,-3.3408,-3.3420,-3.3431,-3.3442,-3.3454,-3.3465,-3.3477,-3.3489,-3.3501,-3.3513,-3.3524,-3.3537,-3.3549,-3.3561,-3.3573,-3.3585,-3.3598,-3.3610,-3.3623,-3.3635,-3.3648,-3.3661,-3.3673,-3.3686,-3.3699,-3.3712,-3.3725,-3.3739,-3.3752,-3.3765,-3.3779,-3.3792,-3.3806,-3.3819,-3.3833,-3.3847,-3.3860,-3.3874,-3.3888,-3.3902,-3.3917,-3.3931,-3.3945,-3.3959,-3.3974,-3.3988,-3.4003,-3.4017,-3.4032,-3.4047,-3.4062,-3.4077,-3.4092,-3.4107,-3.4122,-3.4137,-3.4152,-3.4168,-3.4183,-3.4199,-3.4214,-3.4230,-3.4246,-3.4262,-3.4278,-3.4294,-3.4310,-3.4326,-3.4342,-3.4358,-3.4375,-3.4391,-3.4407,-3.4424,-3.4441,-3.4457,-3.4474,-3.4491,-3.4508,-3.4525,-3.4542,-3.4559,-3.4576,-3.4594,-3.4611,-3.4629,-3.4646,-3.4664,-3.4681,-3.4699,-3.4717,-3.4735,-3.4753,-3.4771,-3.4789,-3.4807,-3.4825,-3.4844,-3.4862,-3.4881,-3.4899,-3.4918,-3.4937,-3.4956,-3.4974,-3.4993,-3.5012,-3.5032,-3.5051,-3.5070,-3.5089,-3.5109,-3.5128,-3.5148,-3.5167,-3.5187,-3.5207,-3.5227,-3.5247,-3.5267,-3.5287,-3.5307,-3.5327,-3.5347,-3.5368,-3.5388,-3.5409,-3.5429,-3.5450,-3.5471,-3.5492,-3.5513,-3.5534,-3.5555,-3.5576,-3.5597,-3.5618,-3.5640,-3.5661,-3.5683,-3.5704,-3.5726,-3.5748,-3.5770,-3.5791,-3.5813,-3.5835,-3.5858,-3.5880,-3.5902,-3.5924,-3.5947,-3.5969,-3.5992,-3.6015,-3.6037,-3.6060,-3.6083,-3.6106,-3.6129,-3.6152,-3.6175,-3.6199,-3.6222,-3.6245,-3.6269,-3.6292,-3.6316,-3.6340,-3.6364,-3.6388,-3.6411,-3.6436,-3.6460,-3.6484,-3.6508,-3.6532,-3.6557,-3.6581,-3.6606,-3.6630,-3.6655,-3.6680,-3.6705,-3.6730,-3.6755,-3.6780,-3.6805,-3.6830,-3.6856,-3.6881,-3.6907,-3.6932,-3.6958,-3.6983,-3.7009,-3.7035,-3.7061,-3.7087,-3.7113,-3.7139,-3.7166,-3.7192,-3.7218,-3.7245,-3.7271,-3.7298,-3.7325,-3.7351,-3.7378,-3.7405,-3.7432,-3.7459,-3.7486,-3.7514,-3.7541,-3.7568,-3.7596,-3.7623,-3.7651,-3.7679,-3.7706,-3.7734,-3.7762,-3.7790,-3.7818,-3.7846,-3.7875,-3.7903,-3.7931,-3.7960,-3.7988,-3.8017,-3.8046,-3.8074,-3.8103,-3.8132,-3.8161,-3.8190,-3.8219,-3.8249,-3.8278,-3.8307,-3.8337,-3.8366,-3.8396,-3.8426,-3.8455,-3.8485,-3.8515,-3.8545,-3.8575,-3.8605,-3.8636,-3.8666,-3.8696,-3.8727,-3.8757,-3.8788,-3.8819,-3.8849,-3.8880,-3.8911,-3.8942,-3.8973,-3.9004,-3.9036,-3.9067,-3.9098,-3.9130,-3.9161,-3.9193,-3.9224,-3.9256,-3.9288,-3.9320,-3.9352,-3.9384,-3.9416,-3.9448,-3.9481,-3.9513,-3.9546,-3.9578,-3.9611,-3.9643,-3.9676,-3.9709,-3.9742,-3.9775,-3.9808,-3.9841,-3.9874,-3.9908,-3.9941,-3.9974,-4.0008,-4.0041,-4.0075,-4.0109,-4.0143,-4.0177,-4.0211,-4.0245,-4.0279,-4.0313,-4.0347,-4.0382,-4.0416,-4.0451,-4.0485,-4.0520,-4.0555,-4.0589,-4.0624,-4.0659,-4.0694,-4.0730,-4.0765,-4.0800,-4.0835,-4.0871,-4.0906,-4.0942,-4.0978,-4.1013,-4.1049,-4.1085,-4.1121,-4.1157,-4.1193,-4.1230,-4.1266,-4.1302,-4.1339,-4.1375,-4.1412,-4.1448,-4.1485,-4.1522,-4.1559,-4.1596,-4.1633,-4.1670,-4.1707,-4.1744,-4.1782,-4.1819,-4.1857,-4.1894,-4.1932,-4.1970,-4.2008,-4.2045,-4.2083,-4.2121,-4.2160,-4.2198,-4.2236,-4.2274,-4.2313,-4.2351,-4.2390,-4.2429,-4.2467,-4.2506,-4.2545,-4.2584,-4.2623,-4.2662,-4.2701,-4.2741,-4.2780,-4.2819,-4.2859,-4.2899,-4.2938,-4.2978,-4.3018,-4.3058,-4.3098,-4.3138,-4.3178,-4.3218,-4.3258,-4.3298,-4.3339,-4.3379,-4.3420,-4.3461,-4.3501,-4.3542,-4.3583,-4.3624,-4.3665,-4.3706,-4.3747,-4.3789
-100,-0.8037,-1.1831,-1.3869,-1.5414,-1.6696,-1.7806,-1.8794,-1.9689,-2.0510,-2.1270,-2.1980,-2.2647,-2.3276,-2.3872,-2.4439,-2.4981,-2.5499,-2.5996,-2.6473,-2.6933,-2.7376,-2.7805,-2.8219,-2.8621,-2.9010,-2.9388,-2.9756,-3.0113,-3.0461,-3.0800,-3.1131,-3.1453,-3.1768,-3.2076,-3.2377,-3.2671,-3.2959,-3.3241,-3.3517,-3.3787,-3.4052,-3.4313,-3.4568,-3.4818,-3.5064,-3.5306,-3.5543,-3.5777,-3.6006,-3.6232,-3.6453,-3.6672,-3.6887,-3.7098,-3.7307,-3.7512,-3.7714,-3.7913,-3.8109,-3.8303,-3.8493,-3.8682,-3.8867,-3.9050,-3.9231,-3.9409,-3.9585,-3.9758,-3.9930,-4.0099,-4.0266,-4.0431,-4.0595,-4.0756,-4.0915,-4.1073,-4.1228,-4.1382,-4.1534,-4.1684,-4.1833,-4.1980,-4.2126,-4.2270,-4.2412,-4.2553,-4.2692,-4.2830,-4.2967,-4.3102,-4.3236,-4.3368,-4.3499,-4.3629,-4.3758,-4.3885,-4.4011,-4.4136,-4.4260,-4.4383,-4.4504,-4.4625,-4.4744,-4.4862,-4.4980,-4.5096,-4.5211,-4.5325,-4.5438,-4.5551,-4.5662,-4.5772,-4.5882,-4.5990,-4.6098,-4.6205,-4.6311,-4.6416,-4.6520,-4.6623,-4.6726,-4.6828,-4.6929,-4.7029,-4.7129,-4.7227,-4.7325,-4.7423,-4.7519,-4.7615,-4.7710,-4.7805,-4.7899,-4.7992,-4.8084,-4.8176,-4.8267,-4.8358,-4.8448,-4.8537,-4.8626,-4.8714,-4.8802,-4.8889,-4.8975,-4.9061,-4.9146,-4.9231,-4.9315,-4.9399,-4.9482,-4.9565,-4.9647,-4.9729,-4.9810,-4.9890,-4.9971,-5.0050,-5.0129,-5.0208,-5.0286,-5.0364,-5.0442,-5.0519,-5.0595,-5.0671,-5.0747,-5.0822,-5.0897,-5.0971,-5.1045,-5.1119,-5.1192,-5.1265,-5.1337,-5.1409,-5.1481,-5.1552,-5.1623,-5.1693,-5.1764,-5.1833,-5.1903,-5.1972,-5.2041,-5.2109,-5.2177,-5.2245,-5.2312,-5.2379,-5.2446,-5.2513,-5.2579,-5.2645,-5.2710,-5.2776,-5.2840,-5.2905,-5.2969,-5.3034,-5.3097,-5.3161,-5.3224,-5.3287,-5.3350,-5.3412,-5.3474,-5.3536,-5.3598,-5.3659,-5.3720,-5.3781,-5.3842,-5.3902,-5.3962,-5.4022,-5.4081,-5.4141,-5.4200,-5.4259,-5.4318,-5.4376,-5.4434,-5.4492,-5.4550,-5.4608,-5.4665,-5.4722,-5.4779,-5.4836,-5.4893,-5.4949,-5.5005,-5.5061,-5.5117,-5.5172,-5.5228,-5.5283,-5.5338,-5.5393,-5.5447,-5.5502,-5.5556,-5.5610,-5.5664,-5.5718,-5.5771,-5.5825,-5.5878,-5.5931,-5.5984,-5.6037,-5.6089,-5.6142,-5.6194,-5.6246,-5.6298,-5.6350,-5.6401,-5.6453,-5.6504,-5.6555,-5.6607,-5.6657,-5.6708,-5.6759,-5.6809,-5.6860,-5.6910,-5.6960,-5.7010,-5.7060,-5.7109,-5.7159,-5.7208,-5.7258,-5.7307,-5.7356,-5.7405,-5.7454,-5.7503,-5.7551,-5.7600,-5.7648,-5.7696,-5.7744,-5.7792,-5.7840,-5.7888,-5.7936,-5.7983,-5.8031,-5.8078,-5.8125,-5.8173,-5.8220,-5.8267,-5.8314,-5.8360,-5.8407,-5.8454,-5.8500,-5.8547,-5.8593,-5.8639,-5.8685,-5.8731,-5.8777,-5.8823,-5.8869,-5.8914,-5.8960,-5.9006,-5.9051,-5.9096,-5.9142,-5.9187,-5.9232,-5.9277,-5.9322,-5.9367,-5.9412,-5.9457,-5.9501,-5.9546,-5.9590,-5.9635,-5.9679,-5.9724,-5.9768,-5.9812,-5.9856,-5.9900,-5.9944,-5.9988,-6.0032,-6.0076,-6.0120,-6.0163,-6.0207,-6.0250,-6.0294,-6.0337,-6.0381,-6.0424,-6.0467,-6.0511,-6.0554,-6.0597,-6.0640,-6.0683,-6.0726,-6.0769,-6.0812,-6.0855,-6.0897,-6.0940,-6.0983,-6.1026,-6.1068,-6.1111,-6.1153,-6.1196,-6.1238,-6.1280,-6.1323,-6.1365,-6.1407,-6.1449,-6.1492,-6.1534,-6.1576,-6.1618,-6.1660,-6.1702,-6.1744,-6.1786,-6.1828,-6.1869,-6.1911,-6.1953,-6.1995,-6.2036,-6.2078,-6.2120,-6.2161,-6.2203,-6.2245,-6.2286,-6.2328,-6.2369,-6.2411,-6.2452,-6.2493,-6.2535,-6.2576,-6.2617,-6.2659,-6.2700,-6.2741,-6.2782,-6.2824,-6.2865,-6.2906,-6.2947,-6.2988,-6.3029,-6.3070,-6.3111,-6.3152,-6.3193,-6.3234,-6.3275,-6.3316,-6.3357,-6.3398,-6.3439,-6.3480,-6.3521,-6.3562,-6.3603,-6.3644,-6.3684,-6.3725,-6.3766,-6.3807,-6.3848,-6.3888,-6.3929,-6.3970,-6.4011,-6.4051,-6.4092,-6.4133,-6.4174,-6.4214,-6.4255,-6.4296,-6.4336,-6.4377,-6.4418,-6.4458,-6.4499,-6.4540,-6.4580,-6.4621,-6.4662,-6.4702,-6.4743,-6.4783,-6.4824,-6.4865,-6.4905,-6.4946,-6.4987,-6.5027,-6.5068,-6.5108,-6.5149,-6.5190,-6.5230,-6.5271,-6.5311,-6.5352,-6.5393,-6.5433,-6.5474,-6.5515,-6.5555,-6.5596,-6.5636,-6.5677,-6.5718,-6.5758,-6.5799,-6.5840,-6.5880,-6.5921,-6.5962,-6.6002,-6.6043,-6.6084,-6.6124,-6.6165,-6.6206,-6.6247,-6.6287,-6.6328,-6.6369,-6.6410,-6.6450,-6.6491,-6.6532,-6.6573,-6.6613,-6.6654,-6.6695,-6.6736,-6.6777,-6.6818,-6.6858,-6.6899,-6.6940,-6.6981,-6.7022,-6.7063,-6.7104,-6.7145,-6.7186,-6.7227,-6.7268,-6.7309,-6.7350,-6.7391,-6.7432,-6.7473,-6.7514,-6.7555,-6.7596,-6.7637,-6.7679,-6.7720,-6.7761,-6.7802,-6.7843,-6.7885,-6.7926,-6.7967,-6.8008,-6.8050,-6.8091,-6.8132,-6.8174,-6.8215,-6.8256,-6.8298,-6.8339,-6.8381,-6.8422,-6.8464,-6.8505,-6.8547,-6.8588,-6.8630,-6.8671,-6.8713,-6.8755,-6.8796,-6.8838,-6.8880,-6.8922,-6.8963,-6.9005,-6.9047,-6.9089,-6.9130,-6.9172,-6.9214,-6.9256,-6.9298,-6.9340,-6.9382,-6.9424,-6.9466,-6.9508,-6.9550,-6.9592,-6.9634,-6.9677,-6.9719,-6.9761,-6.9803,-6.9845,-6.9888,-6.9930,-6.9972,-7.0015,-7.0057,-7.0099,-7.0142,-7.0184,-7.0227,-7.0269,-7.0312,-7.0354,-7.0397,-7.0440,-7.0482,-7.0525,-7.0568,-7.0611,-7.0653,-7.0696,-7.0739,-7.0782,-7.0825,-7.0868,-7.0911,-7.0954,-7.0997,-7.1040,-7.1083,-7.1126,-7.1169,-7.1212,-7.1255,-7.1298,-7.1342,-7.1385,-7.1428,-7.1472,-7.1515,-7.1558,-7.1602,-7.1645,-7.1689,-7.1732,-7.1776,-7.1819,-7.1863,-7.1907,-7.1950,-7.1994,-7.2038,-7.2082,-7.2126,-7.2169,-7.2213,-7.2257,-7.2301,-7.2345,-7.2389,-7.2433,-7.2477,-7.2522,-7.2566,-7.2610,-7.2654,-7.2698,-7.2743,-7.2787,-7.2831,-7.2876,-7.2920,-7.2965,-7.3009,-7.3054,-7.3098,-7.3143,-7.3188,-7.3232,-7.3277,-7.3322,-7.3367,-7.3411,-7.3456,-7.3501,-7.3546,-7.3591,-7.3636,-7.3681,-7.3726,-7.3771,-7.3817,-7.3862,-7.3907,-7.3952,-7.3998,-7.4043,-7.4088,-7.4134,-7.4179,-7.4225,-7.4270,-7.4316,-7.4362,-7.4407,-7.4453,-7.4499,-7.4544,-7.4590,-7.4636,-7.4682,-7.4728,-7.4774,-7.4820,-7.4866,-7.4912,-7.4958,-7.5004,-7.5051,-7.5097,-7.5143,-7.5189,-7.5236,-7.5282,-7.5329,-7.5375,-7.5422,-7.5468,-7.5515,-7.5561,-7.5608,-7.5655,-7.5702,-7.5748,-7.5795,-7.5842,-7.5889,-7.5936,-7.5983,-7.6030,-7.6077,-7.6124,-7.6172,-7.6219,-7.6266,-7.6313,-7.6361,-7.6408,-7.6456,-7.6503,-7.6551,-7.6598,-7.6646,-7.6693,-7.6741,-7.6789,-7.6837,-7.6884,-7.6932,-7.6980,-7.7028,-7.7076,-7.7124,-7.7172,-7.7220,-7.7268,-7.7317,-7.7365,-7.7413,-7.7462,-7.7510,-7.7558,-7.7607,-7.7655,-7.7704,-7.7752,-7.7801,-7.7850,-7.7899,-7.7947,-7.7996,-7.8045,-7.8094,-7.8143,-7.8192,-7.8241,-7.8290,-7.8339,-7.8388,-7.8437,-7.8487,-7.8536,-7.8585,-7.8635,-7.8684,-7.8734,-7.8783,-7.8833,-7.8882,-7.8932,-7.8982,-7.9032,-7.9081,-7.9131,-7.9181,-7.9231,-7.9281,-7.9331,-7.9381,-7.9431,-7.9481,-7.9532,-7.9582,-7.9632,-7.9683,-7.9733,-7.9783,-7.9834,-7.9884,-7.9935,-7.9986,-8.0036,-8.0087,-8.0138,-8.0189,-8.0240,-8.0290,-8.0341,-8.0392,-8.0444,-8.0495,-8.0546,-8.0597,-8.0648,-8.0699,-8.0751,-8.0802,-8.0854,-8.0905,-8.0957,-8.1008,-8.1060,-8.1111,-8.1163,-8.1215,-8.1267,-8.1319,-8.1371,-8.1422,-8.1474,-8.1527,-8.1579,-8.1631,-8.1683,-8.1735,-8.1788,-8.1840,-8.1892,-8.1945,-8.1997,-8.2050,-8.2102,-8.2155,-8.2208,-8.2260,-8.2313,-8.2366,-8.2419,-8.2472,-8.2525,-8.2578,-8.2631,-8.2684,-8.2737,-8.2790,-8.2843,-8.2897,-8.2950,-8.3004,-8.3057,-8.3111,-8.3164,-8.3218,-8.3271,-8.3325,-8.3379,-8.3433,-8.3486,-8.3540,-8.3594,-8.3648,-8.3702,-8.3756,-8.3811,-8.3865,-8.3919,-8.3973,-8.4028,-8.4082,-8.4137,-8.4191,-8.4246,-8.4300,-8.4355,-8.4410,-8.4464,-8.4519,-8.4574,-8.4629,-8.4684,-8.4739,-8.4794,-8.4849,-8.4904,-8.4959,-8.5014,-8.5070,-8.5125,-8.5181,-8.5236,-8.5291,-8.5347,-8.5403,-8.5458,-8.5514,-8.5570,-8.5626,-8.5681,-8.5737,-8.5793,-8.5849,-8.5905,-8.5961,-8.6018,-8.6074,-8.6130,-8.6186,-8.6243,-8.6299,-8.6356,-8.6412,-8.6469,-8.6525,-8.6582,-8.6639,-8.6696,-8.6752,-8.6809,-8.6866,-8.6923,-8.6980,-8.7037,-8.7094,-8.7152,-8.7209,-8.7266,-8.7323,-8.7381,-8.7438,-8.7496,-8.7553,-8.7611,-8.7669,-8.7726,-8.7784,-8.7842,-8.7900,-8.7958,-8.8016,-8.8074,-8.8132,-8.8190,-8.8248,-8.8306,-8.8364,-8.8423,-8.8481,-8.8540,-8.8598,-8.8657,-8.8715,-8.8774,-8.8832,-8.8891,-8.8950,-8.9009,-8.9068,-8.9127,-8.9186,-8.9245,-8.9304,-8.9363,-8.9422,-8.9481,-8.9541,-8.9600,-8.9660,-8.9719,-8.9779,-8.9838,-8.9898,-8.9957,-9.0017,-9.0077,-9.0137,-9.0197,-9.0257,-9.0317,-9.0377,-9.0437,-9.0497,-9.0557,-9.0618,-9.0678,-9.0738,-9.0799,-9.0859,-9.0920,-9.0980,-9.1041,-9.1102,-9.1162,-9.1223,-9.1284,-9.1345,-9.1406,-9.1467,-9.1528,-9.1589,-9.1650,-9.1711,-9.1773,-9.1834,-9.1895,-9.1957,-9.2018,-9.2080,-9.2141,-9.2203,-9.2265,-9.2327,-9.2388,-9.2450,-9.2512,-9.2574,-9.2636,-9.2698,-9.2760,-9.2822,-9.2885,-9.2947,-9.3009,-9.3072,-9.3134,-9.3197,-9.3259,-9.3322,-9.3385,-9.3447,-9.3510,-9.3573,-9.3636,-9.3699,-9.3762
-100,0.3852,0.1674,0.3333,0.5641,0.8096,1.0518,1.2824,1.4972,1.6939,1.8714,2.0288,2.1659,2.2826,2.3788,2.4547,2.5104,2.5462,2.5622,2.5588,2.5361,2.4944,2.4339,2.3555,2.2619,2.1561,2.0406,1.9177,1.7896,1.6580,1.5246,1.3909,1.2582,1.1277,1.0005,0.8777,0.7600,0.6485,0.5437,0.4464,0.3573,0.2769,0.2057,0.1443,0.0931,0.0525,0.0229,0.0045,-0.0034,-0.0016,0.0090,0.0279,0.0543,0.0875,0.1270,0.1722,0.2225,0.2774,0.3364,0.3991,0.4649,0.5335,0.6045,0.6775,0.7521,0.8279,0.9047,0.9821,1.0598,1.1375,1.2150,1.2919,1.3681,1.4432,1.5171,1.5895,1.6602,1.7290,1.7956,1.8600,1.9220,1.9816,2.0389,2.0939,2.1468,2.1976,2.2463,2.2931,2.3381,2.3812,2.4225,2.4622,2.5002,2.5366,2.5715,2.6049,2.6369,2.6674,2.6967,2.7247,2.7514,2.7770,2.8013,2.8246,2.8468,2.8680,2.8882,2.9074,2.9257,2.9431,2.9597,2.9754,2.9904,3.0047,3.0182,3.0310,3.0431,3.0547,3.0656,3.0760,3.0858,3.0951,3.1038,3.1122,3.1200,3.1275,3.1346,3.1412,3.1476,3.1535,3.1592,3.1646,3.1697,3.1746,3.1792,3.1837,3.1879,3.1920,3.1959,3.1996,3.2033,3.2068,3.2102,3.2136,3.2169,3.2202,3.2234,3.2266,3.2299,3.2331,3.2364,3.2397,3.2430,3.2465,3.2500,3.2536,3.2573,3.2611,3.2651,3.2692,3.2734,3.2779,3.2825,3.2872,3.2922,3.2974,3.3028,3.3084,3.3142,3.3203,3.3267,3.3333,3.3402,3.3474,3.3548,3.3624,3.3701,3.3780,3.3860,3.3940,3.4020,3.4099,3.4179,3.4257,3.4333,3.4408,3.4481,3.4551,3.4619,3.4684,3.4745,3.4803,3.4856,3.4906,3.4950,3.4990,3.5025,3.5054,3.5077,3.5095,3.5106,3.5111,3.5108,3.5099,3.5082,3.5058,3.5026,3.4986,3.4938,3.4881,3.4815,3.4740,3.4656,3.4563,3.4460,3.4347,3.4224,3.4091,3.3947,3.3792,3.3627,3.3450,3.3262,3.3063,3.2851,3.2628,3.2393,3.2146,3.1886,3.1614,3.1329,3.1031,3.0720,3.0395,3.0057,2.9706,2.9341,2.8961,2.8568,2.8161,2.7739,2.7303,2.6852,2.6386,2.5905,2.5409,2.4898,2.4372,2.3830,2.3272,2.2699,2.2109,2.1504,2.0882,2.0245,1.9590,1.8920,1.8232,1.7528,1.6807,1.6069,1.5314,1.4542,1.3752,1.2945,1.2121,1.1278,1.0418,0.9540,0.8645,0.7731,0.6799,0.5848,0.4880,0.3892,0.2887,0.1862,0.0819,-0.0242,-0.1322,-0.2418,-0.3531,-0.4658,-0.5799,-0.6954,-0.8121,-0.9299,-1.0487,-1.1686,-1.2892,-1.4107,-1.5329,-1.6557,-1.7790,-1.9027,-2.0268,-2.1512,-2.2758,-2.4005,-2.5253,-2.6500,-2.7746,-2.8990,-3.0232,-3.1470,-3.2704,-3.3933,-3.5157,-3.6374,-3.7584,-3.8787,-3.9981,-4.1165,-4.2340,-4.3505,-4.4658,-4.5800,-4.6929,-4.8044,-4.9146,-5.0234,-5.1307,-5.2363,-5.3404,-5.4427,-5.5433,-5.6421,-5.7390,-5.8339,-5.9269,-6.0178,-6.1066,-6.1932,-6.2776,-6.3598,-6.4396,-6.5169,-6.5919,-6.6643,-6.7342,-6.8015,-6.8661,-6.9280,-6.9872,-7.0435,-7.0970,-7.1475,-7.1951,-7.2397,-7.2812,-7.3196,-7.3548,-7.3868,-7.4156,-7.4412,-7.4637,-7.4831,-7.4997,-7.5133,-7.5241,-7.5322,-7.5377,-7.5405,-7.5408,-7.5387,-7.5343,-7.5275,-7.5184,-7.5072,-7.4939,-7.4786,-7.4613,-7.4421,-7.4211,-7.3983,-7.3738,-7.3476,-7.3199,-7.2906,-7.2600,-7.2279,-7.1945,-7.1598,-7.1239,-7.0869,-7.0488,-7.0097,-6.9696,-6.9286,-6.8868,-6.8442,-6.8008,-6.7567,-6.7121,-6.6668,-6.6211,-6.5749,-6.5283,-6.4814,-6.4341,-6.3867,-6.3390,-6.2912,-6.2433,-6.1954,-6.1476,-6.0998,-6.0521,-6.0046,-5.9573,-5.9103,-5.8636,-5.8173,-5.7714,-5.7260,-5.6811,-5.6367,-5.5930,-5.5499,-5.5076,-5.4660,-5.4251,-5.3852,-5.3461,-5.3079,-5.2707,-5.2346,-5.1995,-5.1655,-5.1326,-5.1010,-5.0706,-5.0415,-5.0136,-4.9872,-4.9621,-4.9385,-4.9164,-4.8957,-4.8765,-4.8587,-4.8422,-4.8271,-4.8134,-4.8009,-4.7897,-4.7798,-4.7711,-4.7636,-4.7573,-4.7522,-4.7482,-4.7453,-4.7434,-4.7427,-4.7429,-4.7442,-4.7465,-4.7498,-4.7540,-4.7591,-4.7651,-4.7720,-4.7797,-4.7883,-4.7977,-4.8079,-4.8188,-4.8305,-4.8429,-4.8560,-4.8698,-4.8843,-4.8994,-4.9151,-4.9314,-4.9483,-4.9658,-4.9838,-5.0023,-5.0212,-5.0407,-5.0606,-5.0810,-5.1018,-5.1230,-5.1445,-5.1664,-5.1887,-5.2113,-5.2341,-5.2573,-5.2807,-5.3044,-5.3283,-5.3524,-5.3767,-5.4012,-5.4258,-5.4506,-5.4754,-5.5004,-5.5255,-5.5506,-5.5758,-5.6010,-5.6262,-5.6515,-5.6767,-5.7019,-5.7270,-5.7520,-5.7770,-5.8018,-5.8266,-5.8512,-5.8757,-5.8999,-5.9240,-5.9480,-5.9716,-5.9951,-6.0183,-6.0413,-6.0640,-6.0863,-6.1084,-6.1302,-6.1516,-6.1726,-6.1933,-6.2137,-6.2336,-6.2531,-6.2722,-6.2908,-6.3090,-6.3267,-6.3439,-6.3606,-6.3769,-6.3925,-6.4077,-6.4223,-6.4363,-6.4498,-6.4626,-6.4749,-6.4865,-6.4975,-6.5078,-6.5175,-6.5265,-6.5348,-6.5424,-6.5493,-6.5555,-6.5609,-6.5656,-6.5695,-6.5727,-6.5750,-6.5765,-6.5773,-6.5772,-6.5762,-6.5745,-6.5718,-6.5683,-6.5639,-6.5585,-6.5523,-6.5452,-6.5371,-6.5281,-6.5181,-6.5071,-6.4952,-6.4822,-6.4683,-6.4534,-6.4374,-6.4204,-6.4023,-6.3832,-6.3630,-6.3417,-6.3193,-6.2959,-6.2713,-6.2456,-6.2187,-6.1907,-6.1616,-6.1313,-6.0998,-6.0671,-6.0332,-5.9982,-5.9620,-5.9247,-5.8864,-5.8470,-5.8065,-5.7651,-5.7227,-5.6794,-5.6352,-5.5901,-5.5442,-5.4975,-5.4499,-5.4017,-5.3526,-5.3029,-5.2525,-5.2015,-5.1498,-5.0975,-5.0447,-4.9914,-4.9375,-4.8831,-4.8283,-4.7731,-4.7174,-4.6614,-4.6050,-4.5483,-4.4914,-4.4341,-4.3766,-4.3188,-4.2609,-4.2028,-4.1445,-4.0862,-4.0277,-3.9692,-3.9106,-3.8520,-3.7934,-3.7348,-3.6763,-3.6179,-3.5595,-3.5013,-3.4433,-3.3854,-3.3277,-3.2702,-3.2130,-3.1560,-3.0994,-3.0430,-2.9870,-2.9313,-2.8761,-2.8212,-2.7668,-2.7128,-2.6592,-2.6062,-2.5537,-2.5018,-2.4504,-2.3995,-2.3493,-2.2997,-2.2508,-2.2025,-2.1550,-2.1081,-2.0620,-2.0166,-1.9720,-1.9282,-1.8852,-1.8431,-1.8018,-1.7614,-1.7219,-1.6833,-1.6457,-1.6090,-1.5733,-1.5386,-1.5050,-1.4723,-1.4408,-1.4103,-1.3809,-1.3526,-1.3255,-1.2996,-1.2748,-1.2512,-1.2288,-1.2077,-1.1878,-1.1692,-1.1518,-1.1358,-1.1211,-1.1078,-1.0958,-1.0852,-1.0759,-1.0679,-1.0612,-1.0558,-1.0516,-1.0487,-1.0469,-1.0464,-1.0470,-1.0488,-1.0518,-1.0558,-1.0610,-1.0673,-1.0746,-1.0830,-1.0924,-1.1028,-1.1142,-1.1266,-1.1400,-1.1543,-1.1695,-1.1856,-1.2027,-1.2206,-1.2393,-1.2589,-1.2793,-1.3006,-1.3226,-1.3454,-1.3689,-1.3932,-1.4182,-1.4439,-1.4703,-1.4974,-1.5251,-1.5535,-1.5825,-1.6121,-1.6423,-1.6731,-1.7044,-1.7363,-1.7687,-1.8016,-1.8350,-1.8689,-1.9032,-1.9380,-1.9732,-2.0089,-2.0450,-2.0814,-2.1182,-2.1554,-2.1929,-2.2307,-2.2689,-2.3073,-2.3461,-2.3851,-2.4243,-2.4638,-2.5035,-2.5435,-2.5836,-2.6239,-2.6643,-2.7049,-2.7457,-2.7865,-2.8275,-2.8686,-2.9097,-2.9509,-2.9922,-3.0335,-3.0748,-3.1162,-3.1575,-3.1988,-3.2401,-3.2813,-3.3225,-3.3636,-3.4046,-3.4455,-3.4863,-3.5270,-3.5676,-3.6080,-3.6482,-3.6882,-3.7281,-3.7677,-3.8071,-3.8463,-3.8853,-3.9240,-3.9624,-4.0006,-4.0384,-4.0760,-4.1132,-4.1501,-4.1866,-4.2228,-4.2586,-4.2941,-4.3291,-4.3637,-4.3979,-4.4317,-4.4651,-4.4980,-4.5305,-4.5625,-4.5942,-4.6254,-4.6562,-4.6865,-4.7164,-4.7459,-4.7750,-4.8037,-4.8319,-4.8597,-4.8871,-4.9140,-4.9406,-4.9667,-4.9924,-5.0176,-5.0425,-5.0669,-5.0909,-5.1145,-5.1377,-5.1605,-5.1828,-5.2047,-5.2262,-5.2473,-5.2680,-5.2883,-5.3081,-5.3276,-5.3466,-5.3652,-5.3834,-5.4012,-5.4186,-5.4356,-5.4522,-5.4683,-5.4841,-5.4994,-5.5143,-5.5289,-5.5430,-5.5567,-5.5700,-5.5829,-5.5954,-5.6075,-5.6192,-5.6305,-5.6414,-5.6519,-5.6620,-5.6717,-5.6809,-5.6898,-5.6983,-5.7064,-5.7141,-5.7214,-5.7283,-5.7348,-5.7409,-5.7466,-5.7519,-5.7568,-5.7613,-5.7655,-5.7692,-5.7725,-5.7755,-5.7780,-5.7802,-5.7820,-5.7834,-5.7844,-5.7850,-5.7852,-5.7850,-5.7844,-5.7835,-5.7821,-5.7804,-5.7783,-5.7758,-5.7729,-5.7696,-5.7660,-5.7619,-5.7575,-5.7527,-5.7475,-5.7420,-5.7360,-5.7297,-5.7230,-5.7159,-5.7084,-5.7005,-5.6923,-5.6837,-5.6747,-5.6653,-5.6555,-5.6454,-5.6349,-5.6240,-5.6128,-5.6011,-5.5891,-5.5768,-5.5640,-5.5509,-5.5374,-5.5235,-5.5092,-5.4946,-5.4796,-5.4643,-5.4485,-5.4324,-5.4159,-5.3991,-5.3819,-5.3643,-5.3463,-5.3280,-5.3093,-5.2903,-5.2708,-5.2511,-5.2309,-5.2104,-5.1895,-5.1683,-5.1466,-5.1247,-5.1023,-5.0796,-5.0565,-5.0331,-5.0093,-4.9852,-4.9606,-4.9358,-4.9105,-4.8849,-4.8590,-4.8327,-4.8060,-4.7790,-4.7516,-4.7238,-4.6957,-4.6672,-4.6384,-4.6093,-4.5797,-4.5498,-4.5196,-4.4890,-4.4580,-4.4267,-4.3951,-4.3631,-4.3307,-4.2980,-4.2649,-4.2315,-4.1977,-4.1636,-4.1291,-4.0943,-4.0591,-4.0236,-3.9877,-3.9515,-3.9149,-3.8780,-3.8408,-3.8031,-3.7652,-3.7269,-3.6882,-3.6492,-3.6099,-3.5702,-3.5302,-3.4898,-3.4491,-3.4080,-3.3666,-3.3248,-3.2827,-3.2403,-3.1975,-3.1544,-3.1109,-3.0671,-3.0230,-2.9785,-2.9337,-2.8885,-2.8430,-2.7972,-2.7510,-2.7045,-2.6576,-2.6104,-2.5629
-100,5.7394,6.0772,6.2556,6.3895,6.4994,6.5939,6.6773,6.7524,6.8207,6.8836,6.9419,6.9963,7.0474,7.0955,7.1410,7.1842,7.2253,7.2644,7.3019,7.3378,7.3722,7.4052,7.4371,7.4677,7.4973,7.5259,7.5535,7.5803,7.6062,7.6313,7.6556,7.6793,7.7022,7.7246,7.7463,7.7674,7.7880,7.8080,7.8276,7.8466,7.8652,7.8833,7.9011,7.9184,7.9353,7.9518,7.9679,7.9837,7.9992,8.0143,8.0291,8.0436,8.0577,8.0716,8.0852,8.0986,8.1117,8.1245,8.1371,8.1494,8.1615,8.1734,8.1850,8.1964,8.2077,8.2187,8.2295,8.2401,8.2506,8.2608,8.2709,8.2808,8.2905,8.3001,8.3095,8.3187,8.3278,8.3368,8.3456,8.3542,8.3627,8.3711,8.3793,8.3874,8.3954,8.4033,8.4110,8.4186,8.4261,8.4334,8.4407,8.4479,8.4549,8.4618,8.4686,8.4754,8.4820,8.4885,8.4950,8.5013,8.5075,8.5137,8.5197,8.5257,8.5316,8.5374,8.5431,8.5488,8.5543,8.5598,8.5652,8.5705,8.5758,8.5810,8.5861,8.5911,8.5961,8.6010,8.6058,8.6106,8.6153,8.6199,8.6245,8.6290,8.6335,8.6379,8.6422,8.6465,8.6507,8.6549,8.6590,8.6631,8.6671,8.6710,8.6749,8.6788,8.6826,8.6864,8.6901,8.6937,8.6973,8.7009,8.7044,8.7079,8.7113,8.7147,8.7181,8.7214,8.7246,8.7279,8.7310,8.7342,8.7373,8.7404,8.7434,8.7464,8.7493,8.7523,8.7551,8.7580,8.7608,8.7636,8.7663,8.7690,8.7717,8.7744,8.7770,8.7796,8.7821,8.7847,8.7872,8.7896,8.7921,8.7945,8.7969,8.7992,8.8015,8.8039,8.8061,8.8084,8.8106,8.8128,8.8150,8.8171,8.8192,8.8213,8.8234,8.8255,8.8275,8.8295,8.8315,8.8335,8.8354,8.8373,8.8392,8.8411,8.8430,8.8448,8.8466,8.8484,8.8502,8.8520,8.8537,8.8554,8.8571,8.8588,8.8605,8.8621,8.8638,8.8654,8.8670,8.8686,8.8702,8.8717,8.8732,8.8748,8.8763,8.8778,8.8792,8.8807,8.8822,8.8836,8.8850,8.8864,8.8878,8.8892,8.8906,8.8919,8.8933,8.8946,8.8959,8.8972,8.8985,8.8998,8.9010,8.9023,8.9036,8.9048,8.9060,8.9072,8.9084,8.9096,8.9108,8.9120,8.9131,8.9143,8.9154,8.9166,8.9177,8.9188,8.9199,8.9210,8.9221,8.9232,8.9243,8.9253,8.9264,8.9274,8.9285,8.9295,8.9305,8.9315,8.9325,8.9336,8.9345,8.9355,8.9365,8.9375,8.9385,8.9394,8.9404,8.9413,8.9423,8.9432,8.9441,8.9451,8.9460,8.9469,8.9478,8.9487,8.9496,8.9505,8.9514,8.9523,8.9532,8.9540,8.9549,8.9558,8.9566,8.9575,8.9584,8.9592,8.9600,8.9609,8.9617,8.9626,8.9634,8.9642,8.9650,8.9659,8.9667,8.9675,8.9683,8.9691,8.9699,8.9707,8.9715,8.9723,8.9731,8.9739,8.9747,8.9755,8.9763,8.9771,8.9778,8.9786,8.9794,8.9802,8.9810,8.9817,8.9825,8.9833,8.9840,8.9848,8.9856,8.9863,8.9871,8.9879,8.9886,8.9894,8.9901,8.9909,8.9917,8.9924,8.9932,8.9939,8.9947,8.9954,8.9962,8.9969,8.9977,8.9984,8.9992,9.0000,9.0007,9.0015,9.0022,9.0030,9.0037,9.0045,9.0052,9.0060,9.0067,9.0075,9.0083,9.0090,9.0098,9.0105,9.0113,9.0121,9.0128,9.0136,9.0143,9.0151,9.0159,9.0166,9.0174,9.0182,9.0189,9.0197,9.0205,9.0213,9.0220,9.0228,9.0236,9.0244,9.0252,9.0259,9.0267,9.0275,9.0283,9.0291,9.0299,9.0307,9.0315,9.0323,9.0331,9.0339,9.0347,9.0355,9.0363,9.0371,9.0379,9.0387,9.0396,9.0404,9.0412,9.0420,9.0429,9.0437,9.0445,9.0454,9.0462,9.0470,9.0479,9.0487,9.0496,9.0504,9.0513,9.0522,9.0530,9.0539,9.0548,9.0556,9.0565,9.0574,9.0583,9.0591,9.0600,9.0609,9.0618,9.0627,9.0636,9.0645,9.0654,9.0663,9.0673,9.0682,9.0691,9.0700,9.0710,9.0719,9.0728,9.0738,9.0747,9.0757,9.0766,9.0776,9.0785,9.0795,9.0804,9.0814,9.0824,9.0834,9.0844,9.0853,9.0863,9.0873,9.0883,9.0893,9.0903,9.0914,9.0924,9.0934,9.0944,9.0954,9.0965,9.0975,9.0986,9.0996,9.1007,9.1017,9.1028,9.1038,9.1049,9.1060,9.1071,9.1081,9.1092,9.1103,9.1114,9.1125,9.1136,9.1147,9.1158,9.1170,9.1181,9.1192,9.1203,9.1215,9.1226,9.1238,9.1249,9.1261,9.1273,9.1284,9.1296,9.1308,9.1320,9.1332,9.1343,9.1355,9.1367,9.1380,9.1392,9.1404,9.1416,9.1428,9.1441,9.1453,9.1466,9.1478,9.1491,9.1503,9.1516,9.1529,9.1541,9.1554,9.1567,9.1580,9.1593,9.1606,9.1619,9.1632,9.1646,9.1659,9.1672,9.1686,9.1699,9.1712,9.1726,9.1740,9.1753,9.1767,9.1781,9.1795,9.1808,9.1822,9.1836,9.1850,9.1865,9.1879,9.1893,9.1907,9.1922,9.1936,9.1950,9.1965,9.1979,9.1994,9.2009,9.2023,9.2038,9.2053,9.2068,9.2083,9.2098,9.2113,9.2128,9.2144,9.2159,9.2174,9.2190,9.2205,9.2221,9.2236,9.2252,9.2268,9.2283,9.2299,9.2315,9.2331,9.2347,9.2363,9.2379,9.2395,9.2412,9.2428,9.2444,9.2461,9.2477,9.2494,9.2511,9.2527,9.2544,9.2561,9.2578,9.2595,9.2612,9.2629,9.2646,9.2663,9.2680,9.2698,9.2715,9.2732,9.2750,9.2768,9.2785,9.2803,9.2821,9.2839,9.2857,9.2874,9.2893,9.2911,9.2929,9.2947,9.2965,9.2984,9.3002,9.3021,9.3039,9.3058,9.3076,9.3095,9.3114,9.3133,9.3152,9.3171,9.3190,9.3209,9.3228,9.3248,9.3267,9.3286,9.3306,9.3326,9.3345,9.3365,9.3385,9.3404,9.3424,9.3444,9.3464,9.3484,9.3505,9.3525,9.3545,9.3565,9.3586,9.3606,9.3627,9.3648,9.3668,9.3689,9.3710,9.3731,9.3752,9.3773,9.3794,9.3815,9.3836,9.3858,9.3879,9.3901,9.3922,9.3944,9.3965,9.3987,9.4009,9.4031,9.4053,9.4075,9.4097,9.4119,9.4141,9.4164,9.4186,9.4208,9.4231,9.4254,9.4276,9.4299,9.4322,9.4345,9.4367,9.4390,9.4414,9.4437,9.4460,9.4483,9.4507,9.4530,9.4553,9.4577,9.4601,9.4624,9.4648,9.4672,9.4696,9.4720,9.4744,9.4768,9.4792,9.4817,9.4841,9.4865,9.4890,9.4914,9.4939,9.4964,9.4989,9.5013,9.5038,9.5063,9.5088,9.5114,9.5139,9.5164,9.5189,9.5215,9.5240,9.5266,9.5292,9.5317,9.5343,9.5369,9.5395,9.5421,9.5447,9.5473,9.5499,9.5526,9.5552,9.5578,9.5605,9.5632,9.5658,9.5685,9.5712,9.5739,9.5766,9.5793,9.5820,9.5847,9.5874,9.5902,9.5929,9.5956,9.5984,9.6012,9.6039,9.6067,9.6095,9.6123,9.6151,9.6179,9.6207,9.6235,9.6263,9.6292,9.6320,9.6349,9.6377,9.6406,9.6435,9.6464,9.6492,9.6521,9.6550,9.6579,9.6609,9.6638,9.6667,9.6697,9.6726,9.6756,9.6785,9.6815,9.6845,9.6875,9.6904,9.6934,9.6965,9.6995,9.7025,9.7055,9.7086,9.7116,9.7147,9.7177,9.7208,9.7239,9.7269,9.7300,9.7331,9.7362,9.7393,9.7425,9.7456,9.7487,9.7519,9.7550,9.7582,9.7613,9.7645,9.7677,9.7709,9.7741,9.7773,9.7805,9.7837,9.7869,9.7901,9.7934,9.7966,9.7999,9.8032,9.8064,9.8097,9.8130,9.8163,9.8196,9.8229,9.8262,9.8295,9.8329,9.8362,9.8395,9.8429,9.8463,9.8496,9.8530,9.8564,9.8598,9.8632,9.8666,9.8700,9.8734,9.8769,9.8803,9.8837,9.8872,9.8906,9.8941,9.8976,9.9011,9.9046,9.9081,9.9116,9.9151,9.9186,9.9221,9.9257,9.9292,9.9328,9.9363,9.9399,9.9435,9.9471,9.9506,9.9542,9.9578,9.9615,9.9651,9.9687,9.9723,9.9760,9.9796,9.9833,9.9870,9.9906,9.9943,9.9980,10.0017,10.0054,10.0091,10.0128,10.0166,10.0203,10.0241,10.0278,10.0316,10.0353,10.0391,10.0429,10.0467,10.0505,10.0543,10.0581,10.0619,10.0657,10.0696,10.0734,10.0773,10.0811,10.0850,10.0889,10.0928,10.0966,10.1005,10.1045,10.1084,10.1123,10.1162,10.1202,10.1241,10.1280,10.1320,10.1360,10.1400,10.1439,10.1479,10.1519,10.1559,10.1599,10.1640,10.1680,10.1720,10.1761,10.1801,10.1842,10.1883,10.1923,10.1964,10.2005,10.2046,10.2087,10.2128,10.2169,10.2211,10.2252,10.2294,10.2335,10.2377,10.2418,10.2460,10.2502,10.2544,10.2586,10.2628,10.2670,10.2712,10.2755,10.2797,10.2840,10.2882,10.2925,10.2967,10.3010,10.3053,10.3096,10.3139,10.3182,10.3225,10.3268,10.3312,10.3355,10.3399,10.3442,10.3486,10.3529,10.3573,10.3617,10.3661,10.3705,10.3749,10.3793,10.3838,10.3882,10.3926,10.3971,10.4015,10.4060,10.4105,10.4149,10.4194,10.4239,10.4284,10.4329,10.4375,10.4420,10.4465,10.4511,10.4556,10.4602,10.4647,10.4693,10.4739,10.4785,10.4831,10.4877,10.4923,10.4969,10.5015,10.5062,10.5108,10.5155,10.5201,10.5248,10.5295,10.5341,10.5388,10.5435,10.5482,10.5529,10.5577,10.5624,10.5671,10.5719,10.5766,10.5814,10.5862,10.5909,10.5957,10.6005,10.6053,10.6101,10.6149,10.6197,10.6246,10.6294,10.6343,10.6391,10.6440,10.6488,10.6537,10.6586,10.6635,10.6684,10.6733,10.6782,10.6831,10.6881,10.6930,10.6980,10.7029,10.7079,10.7128,10.7178,10.7228,10.7278,10.7328,10.7378,10.7428,10.7478,10.7529,10.7579,10.7630,10.7680,10.7731,10.7782,10.7832,10.7883,10.7934
-100,11.5898,11.5898,11.5898,11.5898,11.5898,11.5898,11.5898,11.5898,11.5898,11.5898,11.5898,11.5898,11.5898,11.5898,11.5898,11.5898,11.5898,11.5898,11.5898,11.5898,11.5898,11.5898,11.5898,11.5898,11.5898,11.5898,11.5898,11.5898,11.5898,11.5898,11.5898,11.5898,11.5898,11.5898,11.5898,11.5898,11.5898,11.5898,11.5898,11.5898,11.5898,11.5898,11.5898,11.5898,11.5898,11.5898,11.5898,11.5898,11.5898,11.5898,11.5898,11.5898,11.5898,11.5898,11.5898,11.5898,11.5898,11.5898,11.5898,11.5898,11.5898,11.5898,11.5898,11.5898,11.5898,11.5898,11.5898,11.5898,11.5898,11.5898,11.5898,11.5898,11.5898,11.5898,11.5898,11.5898,11.5898,11.5898,11.5898,11.5929,11.5978,11.6027,11.6076,11.6125,11.6174,11.6224,11.6273,11.6323,11.6373,11.6423,11.6473,11.6524,11.6574,11.6625,11.6675,11.6726,11.6777,11.6828,11.6879,11.6930,11.6981,11.7032,11.7083,11.7135,11.7186,11.7237,11.7289,11.7341,11.7392,11.7444,11.7496,11.7548,11.7599,11.7651,11.7703,11.7755,11.7807,11.7859,11.7911,11.7963,11.8015,11.8068,11.8120,11.8172,11.8224,11.8276,11.8329,11.8381,11.8433,11.8486,11.8538,11.8590,11.8642,11.8695,11.8747,11.8799,11.8852,11.8904,11.8956,11.9009,11.9061,11.9113,11.9165,11.9218,11.9270,11.9322,11.9375,11.9427,11.9479,11.9531,11.9583,11.9635,11.9688,11.9740,11.9792,11.9844,11.9896,11.9948,12.0000,12.0052,12.0104,12.0156,12.0208,12.0260,12.0312,12.0363,12.0415,12.0467,12.0519,12.0570,12.0622,12.0674,12.0725,12.0777,12.0828,12.0880,12.0931,12.0983,12.1034,12.1085,12.1137,12.1188,12.1239,12.1290,12.1341,12.1392,12.1443,12.1494,12.1545,12.1596,12.1647,12.1698,12.1749,12.1799,12.1850,12.1901,12.1951,12.2002,12.2052,12.2103,12.2153,12.2203,12.2254,12.2304,12.2354,12.2404,12.2454,12.2504,12.2554,12.2604,12.2654,12.2704,12.2754,12.2803,12.2853,12.2903,12.2952,12.3002,12.3051,12.3100,12.3150,12.3199,12.3248,12.3297,12.3346,12.3395,12.3444,12.3493,12.3542,12.3591,12.3640,12.3688,12.3737,12.3786,12.3834,12.3882,12.3931,12.3979,12.4027,12.4076,12.4124,12.4172,12.4220,12.4268,12.4316,12.4363,12.4411,12.4459,12.4507,12.4554,12.4602,12.4649,12.4696,12.4744,12.4791,12.4838,12.4885,12.4932,12.4979,12.5026,12.5073,12.5120,12.5167,12.5213,12.5260,12.5307,12.5353,12.5399,12.5446,12.5492,12.5538,12.5584,12.5630,12.5676,12.5722,12.5768,12.5814,12.5860,12.5906,12.5951,12.5997,12.6042,12.6088,12.6133,12.6178,12.6223,12.6269,12.6314,12.6359,12.6404,12.6448,12.6493,12.6538,12.6583,12.6627,12.6672,12.6716,12.6761,12.6805,12.6849,12.6893,12.6937,12.6981,12.7025,12.7069,12.7113,12.7157,12.7201,12.7244,12.7288,12.7331,12.7375,12.7418,12.7461,12.7504,12.7548,12.7591,12.7634,12.7677,12.7719,12.7762,12.7805,12.7848,12.7890,12.7933,12.7975,12.8017,12.8060,12.8102,12.8144,12.8186,12.8228,12.8270,12.8312,12.8354,12.8395,12.8437,12.8479,12.8520,12.8562,12.8603,12.8644,12.8685,12.8727,12.8768,12.8809,12.8850,12.8891,12.8931,12.8972,12.9013,12.9053,12.9094,12.9134,12.9175,12.9215,12.9255,12.9295,12.9335,12.9375,12.9415,12.9455,12.9495,12.9535,12.9574,12.9614,12.9653,12.9693,12.9732,12.9771,12.9811,12.9850,12.9889,12.9928,12.9967,13.0006,13.0044,13.0083,13.0122,13.0160,13.0199,13.0237,13.0276,13.0314,13.0352,13.0390,13.0428,13.0466,13.0504,13.0542,13.0580,13.0618,13.0655,13.0693,13.0730,13.0768,13.0805,13.0842,13.0880,13.0917,13.0954,13.0991,13.1028,13.1064,13.1101,13.1138,13.1175,13.1211,13.1248,13.1284,13.1320,13.1357,13.1393,13.1429,13.1465,13.1501,13.1537,13.1573,13.1608,13.1644,13.1680,13.1715,13.1751,13.1786,13.1821,13.1857,13.1892,13.1927,13.1962,13.1997,13.2032,13.2067,13.2101,13.2136,13.2171,13.2205,13.2240,13.2274,13.2308,13.2343,13.2377,13.2411,13.2445,13.2479,13.2513,13.2547,13.2580,13.2614,13.2648,13.2681,13.2715,13.2748,13.2781,13.2814,13.2848,13.2881,13.2914,13.2947,13.2980,13.3012,13.3045,13.3078,13.3110,13.3143,13.3175,13.3208,13.3240,13.3272,13.3304,13.3336,13.3368,13.3400,13.3432,13.3464,13.3496,13.3527,13.3559,13.3591,13.3622,13.3653,13.3685,13.3716,13.3747,13.3778,13.3809,13.3840,13.3871,13.3902,13.3933,13.3963,13.3994,13.4024,13.4055,13.4085,13.4115,13.4146,13.4176,13.4206,13.4236,13.4266,13.4296,13.4326,13.4355,13.4385,13.4415,13.4444,13.4473,13.4503,13.4532,13.4561,13.4591,13.4620,13.4649,13.4678,13.4707,13.4735,13.4764,13.4793,13.4821,13.4850,13.4878,13.4907,13.4935,13.4963,13.4991,13.5020,13.5048,13.5076,13.5103,13.5131,13.5159,13.5187,13.5214,13.5242,13.5269,13.5297,13.5324,13.5351,13.5378,13.5406,13.5433,13.5460,13.5487,13.5513,13.5540,13.5567,13.5593,13.5620,13.5646,13.5673,13.5699,13.5725,13.5752,13.5778,13.5804,13.5830,13.5856,13.5882,13.5907,13.5933,13.5959,13.5984,13.6010,13.6035,13.6061,13.6086,13.6111,13.6136,13.6161,13.6186,13.6211,13.6236,13.6261,13.6286,13.6310,13.6335,13.6360,13.6384,13.6408,13.6433,13.6457,13.6481,13.6505,13.6529,13.6553,13.6577,13.6601,13.6625,13.6649,13.6672,13.6696,13.6719,13.6743,13.6766,13.6789,13.6812,13.6836,13.6859,13.6882,13.6905,13.6927,13.6950,13.6973,13.6996,13.7018,13.7041,13.7063,13.7086,13.7108,13.7130,13.7152,13.7174,13.7197,13.7218,13.7240,13.7262,13.7284,13.7306,13.7327,13.7349,13.7370,13.7392,13.7413,13.7434,13.7456,13.7477,13.7498,13.7519,13.7540,13.7561,13.7582,13.7602,13.7623,13.7644,13.7664,13.7685,13.7705,13.7725,13.7746,13.7766,13.7786,13.7806,13.7826,13.7846,13.7866,13.7886,13.7905,13.7925,13.7944,13.7964,13.7983,13.8003,13.8022,13.8041,13.8061,13.8080,13.8099,13.8118,13.8137,13.8155,13.8174,13.8193,13.8212,13.8230,13.8249,13.8267,13.8285,13.8304,13.8322,13.8340,13.8358,13.8376,13.8394,13.8412,13.8430,13.8448,13.8465,13.8483,13.8501,13.8518,13.8536,13.8553,13.8570,13.8587,13.8605,13.8622,13.8639,13.8656,13.8673,13.8689,13.8706,13.8723,13.8740,13.8756,13.8773,13.8789,13.8805,13.8822,13.8838,13.8854,13.8870,13.8886,13.8902,13.8918,13.8934,13.8950,13.8965,13.8981,13.8997,13.9012,13.9027,13.9043,13.9058,13.9073,13.9089,13.9104,13.9119,13.9134,13.9149,13.9163,13.9178,13.9193,13.9207,13.9222,13.9237,13.9251,13.9265,13.9280,13.9294,13.9308,13.9322,13.9336,13.9350,13.9364,13.9378,13.9392,13.9406,13.9419,13.9433,13.9446,13.9460,13.9473,13.9486,13.9500,13.9513,13.9526,13.9539,13.9552,13.9565,13.9578,13.9591,13.9603,13.9616,13.9629,13.9641,13.9654,13.9666,13.9678,13.9691,13.9703,13.9715,13.9727,13.9739,13.9751,13.9763,13.9775,13.9787,13.9798,13.9810,13.9822,13.9833,13.9845,13.9856,13.9867,13.9878,13.9890,13.9901,13.9912,13.9923,13.9934,13.9945,13.9955,13.9966,13.9977,13.9987,13.9998,14.0008,14.0019,14.0029,14.0039,14.0050,14.0060,14.0070,14.0080,14.0090,14.0100,14.0109,14.0119,14.0129,14.0139,14.0148,14.0158,14.0167,14.0176,14.0186,14.0195,14.0204,14.0213,14.0222,14.0231,14.0240,14.0249,14.0258,14.0267,14.0275,14.0284,14.0293,14.0301,14.0309,14.0318,14.0326,14.0334,14.0343,14.0351,14.0359,14.0367,14.0375,14.0382,14.0390,14.0398,14.0406,14.0413,14.0421,14.0428,14.0436,14.0443,14.0450,14.0457,14.0465,14.0472,14.0479,14.0486,14.0493,14.0499,14.0506,14.0513,14.0520,14.0526,14.0533,14.0539,14.0545,14.0552,14.0558,14.0564,14.0570,14.0577,14.0583,14.0589,14.0594,14.0600,14.0606,14.0612,14.0617,14.0623,14.0628,14.0634,14.0639,14.0645,14.0650,14.0655,14.0660,14.0665,14.0670,14.0675,14.0680,14.0685,14.0690,14.0695,14.0699,14.0704,14.0708,14.0713,14.0717,14.0721,14.0726,14.0730,14.0734,14.0738,14.0742,14.0746,14.0750,14.0754,14.0758,14.0761,14.0765,14.0769,14.0772,14.0776,14.0779,14.0782,14.0786,14.0789,14.0792,14.0795,14.0798,14.0801,14.0804,14.0807,14.0810,14.0812,14.0815,14.0818,14.0820,14.0823,14.0825,14.0828,14.0830,14.0832,14.0834,14.0836,14.0838,14.0840,14.0842,14.0844,14.0846,14.0848,14.0849,14.0851,14.0853,14.0854,14.0856,14.0857,14.0858,14.0859,14.0861,14.0862,14.0863,14.0864,14.0865,14.0866,14.0867,14.0867,14.0868,14.0869,14.0869,14.0870,14.0870,14.0871,14.0871,14.0871,14.0872,14.0872,14.0872,14.0872,14.0872,14.0872,14.0872,14.0872,14.0872,14.0872,14.0872,14.0872,14.0872,14.0872,14.0872,14.0872,14.0872,14.0872,14.0872,14.0872,14.0872,14.0872,14.0872,14.0872,14.0872,14.0872,14.0872,14.0872,14.0872,14.0872,14.0872,14.0872,14.0872,14.0872,14.0872,14.0872,14.0872,14.0872,14.0872,14.0872,14.0872,14.0872,14.0872,14.0872,14.0872,14.0872,14.0872,14.0872,14.0872,14.0872,14.0872,14.0872,14.0872,14.0872,14.0872,14.0872,14.0872,14.0872,14.0872,14.0872,14.0872,14.0872,14.0872,14.0872,14.0872,14.0872,14.0872,14.0872,14.0872,14.0872,14.0872,14.0872,14.0872,14.0872,14.0872,14.0872,14.0872,14.0872,14.0872,14.0872,14.0872,14.0872,14.0872,14.0872,14.0872,14.0872
-100,14.4120,13.7971,13.6880,13.7011,13.7704,13.8704,13.9880,14.1160,14.2495,14.3856,14.5221,14.6573,14.7902,14.9199,15.0458,15.1673,15.2840,15.3957,15.5021,15.6030,15.6983,15.7878,15.8776,15.9971,16.1775,16.4461,16.8273,17.3420,18.0093,18.8345,19.7785,20.7954,21.8434,22.8846,23.8846,24.8117,25.6373,26.3412,26.9297,27.4148,27.8074,28.1179,28.3558,28.5302,28.6492,28.7208,28.7516,28.7455,28.7053,28.6341,28.5343,28.4086,28.2592,28.0885,27.8984,27.6912,27.4685,27.2324,26.9844,26.7262,26.4593,26.1853,25.9055,25.6213,25.3340,25.0447,24.7547,24.4650,24.1767,23.8908,23.6083,23.3302,23.0572,22.7903,22.5303,22.2780,22.0340,21.7992,21.5743,21.3596,21.1550,20.9600,20.7743,20.5975,20.4292,20.2690,20.1167,19.9717,19.8340,19.7030,19.5786,19.4604,19.3481,19.2415,19.1403,19.0442,18.9530,18.8664,18.7842,18.7061,18.6321,18.5617,18.4948,18.4312,18.3708,18.3132,18.2584,18.2060,18.1561,18.1083,18.0625,18.0185,17.9762,17.9355,17.8961,17.8579,17.8208,17.7847,17.7493,17.7146,17.6804,17.6466,17.6131,17.5798,17.5465,17.5131,17.4795,17.4456,17.4113,17.3764,17.3410,17.3048,17.2678,17.2299,17.1909,17.1509,17.1097,17.0672,17.0233,16.9780,16.9312,16.8827,16.8325,16.7806,16.7269,16.6712,16.6136,16.5538,16.4920,16.4280,16.3617,16.2931,16.2221,16.1487,16.0727,15.9942,15.9131,15.8292,15.7427,15.6533,15.5611,15.4661,15.3680,15.2670,15.1629,15.0557,14.9454,14.8319,14.7151,14.5951,14.4717,14.3450,14.2149,14.0816,13.9454,13.8064,13.6649,13.5210,13.3751,13.2272,13.0775,12.9264,12.7739,12.6203,12.4657,12.3103,12.1543,11.9980,11.8413,11.6846,11.5280,11.3716,11.2157,11.0604,10.9057,10.7520,10.5994,10.4479,10.2978,10.1492,10.0023,9.8571,9.7139,9.5727,9.4337,9.2971,9.1629,9.0313,8.9025,8.7764,8.6534,8.5335,8.4167,8.3034,8.1934,8.0871,7.9844,7.8855,7.7905,7.6995,7.6127,7.5301,7.4518,7.3779,7.3086,7.2439,7.1840,7.1289,7.0787,7.0335,6.9935,6.9586,6.9291,6.9047,6.8854,6.8710,6.8615,6.8568,6.8567,6.8611,6.8700,6.8832,6.9006,6.9221,6.9477,6.9772,7.0106,7.0477,7.0884,7.1327,7.1804,7.2316,7.2860,7.3435,7.4042,7.4679,7.5346,7.6040,7.6763,7.7512,7.8287,7.9087,7.9912,8.0760,8.1631,8.2523,8.3437,8.4372,8.5326,8.6299,8.7290,8.8299,8.9324,9.0366,9.1422,9.2494,9.3579,9.4678,9.5789,9.6911,9.8045,9.9188,10.0340,10.1501,10.2669,10.3843,10.5024,10.6210,10.7399,10.8593,10.9789,11.0988,11.2187,11.3387,11.4588,11.5787,11.6984,11.8180,11.9372,12.0561,12.1745,12.2925,12.4098,12.5266,12.6426,12.7579,12.8723,12.9859,13.0985,13.2100,13.3205,13.4299,13.5380,13.6449,13.7505,13.8547,13.9574,14.0587,14.1584,14.2565,14.3529,14.4476,14.5405,14.6317,14.7209,14.8082,14.8934,14.9767,15.0579,15.1369,15.2137,15.2882,15.3605,15.4304,15.4980,15.5631,15.6256,15.6857,15.7432,15.7980,15.8501,15.8996,15.9462,15.9901,16.0310,16.0691,16.1042,16.1364,16.1654,16.1915,16.2144,16.2341,16.2506,16.2640,16.2744,16.2818,16.2863,16.2880,16.2869,16.2832,16.2769,16.2681,16.2568,16.2431,16.2272,16.2090,16.1886,16.1662,16.1417,16.1153,16.0870,16.0569,16.0250,15.9915,15.9563,15.9196,15.8815,15.8419,15.8009,15.7586,15.7152,15.6705,15.6248,15.5780,15.5303,15.4816,15.4321,15.3817,15.3307,15.2789,15.2265,15.1736,15.1202,15.0663,15.0120,14.9574,14.9025,14.8474,14.7922,14.7368,14.6813,14.6259,14.5705,14.5152,14.4601,14.4051,14.3505,14.2961,14.2421,14.1885,14.1354,14.0828,14.0307,13.9793,13.9285,13.8784,13.8291,13.7806,13.7330,13.6862,13.6404,13.5956,13.5519,13.5092,13.4676,13.4273,13.3881,13.3502,13.3136,13.2784,13.2446,13.2122,13.1813,13.1519,13.1241,13.0979,13.0734,13.0505,13.0292,13.0094,12.9913,12.9747,12.9596,12.9461,12.9340,12.9234,12.9143,12.9066,12.9003,12.8954,12.8918,12.8896,12.8888,12.8893,12.8910,12.8941,12.8984,12.9039,12.9107,12.9187,12.9279,12.9382,12.9497,12.9623,12.9761,12.9909,13.0069,13.0239,13.0419,13.0610,13.0811,13.1022,13.1242,13.1473,13.1713,13.1962,13.2220,13.2488,13.2764,13.3049,13.3342,13.3644,13.3954,13.4271,13.4597,13.4931,13.5272,13.5621,13.5977,13.6340,13.6710,13.7087,13.7470,13.7860,13.8257,13.8659,13.9068,13.9483,13.9903,14.0330,14.0762,14.1199,14.1641,14.2089,14.2541,14.2999,14.3461,14.3928,14.4399,14.4874,14.5354,14.5837,14.6325,14.6816,14.7311,14.7810,14.8312,14.8817,14.9325,14.9837,15.0351,15.0868,15.1387,15.1909,15.2434,15.2961,15.3490,15.4021,15.4553,15.5088,15.5624,15.6162,15.6700,15.7239,15.7779,15.8319,15.8859,15.9398,15.9937,16.0476,16.1013,16.1549,16.2084,16.2616,16.3147,16.3676,16.4202,16.4725,16.5245,16.5762,16.6276,16.6786,16.7292,16.7794,16.8292,16.8785,16.9273,16.9756,17.0234,17.0707,17.1173,17.1634,17.2089,17.2537,17.2979,17.3413,17.3841,17.4262,17.4675,17.5080,17.5478,17.5867,17.6249,17.6621,17.6985,17.7340,17.7686,17.8023,17.8350,17.8667,17.8975,17.9272,17.9559,17.9836,18.0101,18.0356,18.0600,18.0833,18.1054,18.1263,18.1460,18.1646,18.1819,18.1979,18.2128,18.2263,18.2385,18.2495,18.2592,18.2676,18.2749,18.2809,18.2858,18.2895,18.2921,18.2935,18.2938,18.2931,18.2913,18.2885,18.2846,18.2797,18.2739,18.2671,18.2593,18.2506,18.2410,18.2305,18.2191,18.2069,18.1938,18.1799,18.1652,18.1497,18.1335,18.1165,18.0988,18.0803,18.0612,18.0414,18.0209,17.9998,17.9780,17.9557,17.9327,17.9092,17.8851,17.8605,17.8353,17.8097,17.7835,17.7569,17.7298,17.7023,17.6743,17.6459,17.6171,17.5880,17.5585,17.5286,17.4984,17.4679,17.4371,17.4060,17.3746,17.3430,17.3112,17.2791,17.2468,17.2143,17.1817,17.1488,17.1159,17.0828,17.0495,17.0162,16.9828,16.9493,16.9157,16.8821,16.8485,16.8149,16.7812,16.7476,16.7140,16.6804,16.6469,16.6135,16.5801,16.5468,16.5137,16.4806,16.4477,16.4150,16.3824,16.3500,16.3178,16.2857,16.2539,16.2224,16.1911,16.1600,16.1292,16.0987,16.0685,16.0386,16.0090,15.9797,15.9508,15.9223,15.8941,15.8663,15.8389,15.8120,15.7854,15.7593,15.7335,15.7082,15.6833,15.6587,15.6345,15.6107,15.5873,15.5642,15.5414,15.5190,15.4970,15.4752,15.4538,15.4327,15.4119,15.3914,15.3712,15.3512,15.3316,15.3122,15.2931,15.2742,15.2556,15.2373,15.2191,15.2012,15.1835,15.1661,15.1488,15.1318,15.1149,15.0982,15.0818,15.0655,15.0493,15.0333,15.0175,15.0018,14.9863,14.9709,14.9557,14.9405,14.9255,14.9106,14.8958,14.8811,14.8665,14.8520,14.8376,14.8232,14.8089,14.7947,14.7805,14.7664,14.7523,14.7383,14.7243,14.7103,14.6963,14.6824,14.6684,14.6545,14.6405,14.6266,14.6126,14.5986,14.5846,14.5706,14.5565,14.5424,14.5282,14.5140,14.4997,14.4853,14.4709,14.4564,14.4418,14.4271,14.4124,14.3975,14.3825,14.3674,14.3522,14.3369,14.3215,14.3059,14.2902,14.2743,14.2583,14.2421,14.2258,14.2094,14.1927,14.1759,14.1589,14.1417,14.1243,14.1067,14.0890,14.0710,14.0528,14.0344,14.0158,13.9970,13.9779,13.9586,13.9390,13.9193,13.8992,13.8789,13.8584,13.8376,13.8165,13.7951,13.7735,13.7516,13.7294,13.7069,13.6842,13.6612,13.6379,13.6144,13.5907,13.5667,13.5425,13.5181,13.4934,13.4685,13.4434,13.4182,13.3927,13.3670,13.3411,13.3151,13.2889,13.2625,13.2359,13.2092,13.1823,13.1553,13.1281,13.1008,13.0733,13.0458,13.0181,12.9903,12.9623,12.9343,12.9061,12.8779,12.8496,12.8211,12.7926,12.7641,12.7354,12.7067,12.6779,12.6491,12.6202,12.5912,12.5622,12.5332,12.5042,12.4751,12.4460,12.4169,12.3877,12.3586,12.3294,12.3003,12.2711,12.2420,12.2129,12.1838,12.1547,12.1257,12.0967,12.0677,12.0388,12.0099,11.9811,11.9523,11.9236,11.8950,11.8664,11.8379,11.8095,11.7812,11.7530,11.7248,11.6968,11.6689,11.6410,11.6133,11.5857,11.5582,11.5308,11.5036,11.4765,11.4496,11.4227,11.3961,11.3695,11.3432,11.3170,11.2909,11.2650,11.2393,11.2138,11.1884,11.1633,11.1383,11.1135,11.0889,11.0645,11.0404,11.0164,10.9926,10.9691,10.9458,10.9227,10.8998,10.8772,10.8548,10.8326,10.8107,10.7890,10.7676,10.7465,10.7256,10.7050,10.6846,10.6645,10.6447,10.6252,10.6060,10.5870,10.5684,10.5500,10.5319,10.5142,10.4967,10.4796,10.4627,10.4462,10.4300,10.4142,10.3986,10.3834,10.3686,10.3540,10.3399,10.3260,10.3126,10.2994,10.2867,10.2743,10.2622,10.2506,10.2393,10.2283,10.2178,10.2076,10.1979,10.1885,10.1795,10.1709,10.1627,10.1550,10.1476,10.1406,10.1341,10.1279,10.1222,10.1170,10.1121,10.1077,10.1037,10.1001,10.0970,10.0944,10.0922,10.0904,10.0891,10.0882,10.0879,10.0879,10.0885,10.0895,10.0910,10.0930,10.0954,10.0984,10.1018,10.1057,10.1101,10.1150,10.1204,10.1263,10.1327,10.1396,10.1471,10.1550,10.1635,10.1725,10.1820,10.1921,10.2026,10.2137,10.2254,10.2376,10.2503,10.2636,10.2774,10.2918,10.3067,10.3222,10.3383,10.3549,10.3721,10.3898,10.4082,10.4271,10.4466,10.4666,10.4873,10.5085,10.5303,10.5528,10.5758
-100,27.4103,24.6489,23.3326,22.4224,21.7304,21.1803,20.7321,20.3616,20.0528,19.7948,19.5794,19.4003,19.2529,19.1333,19.0383,18.9655,18.9126,18.8778,18.8596,18.8566,18.8677,18.8918,18.9279,18.9749,19.0315,19.0969,19.1701,19.2502,19.3367,19.4287,19.5258,19.6273,19.7329,19.8419,19.9542,20.0691,20.1865,20.3059,20.4271,20.5498,20.6738,20.7988,20.9246,21.0509,21.1777,21.3047,21.4317,21.5587,21.6854,21.8117,21.9375,22.0627,22.1871,22.3106,22.4332,22.5548,22.6752,22.7944,22.9123,23.0288,23.1439,23.2574,23.3694,23.4797,23.5883,23.6952,23.8002,23.9034,24.0047,24.1041,24.2014,24.2968,24.3900,24.4812,24.5702,24.6571,24.7418,24.8242,24.9044,24.9823,25.0579,25.1312,25.2023,25.2710,25.3375,25.4016,25.4635,25.5231,25.5804,25.6354,25.6881,25.7385,25.7866,25.8324,25.8760,25.9172,25.9562,25.9928,26.0272,26.0594,26.0892,26.1168,26.1421,26.1651,26.1858,26.2043,26.2205,26.2345,26.2462,26.2556,26.2628,26.2677,26.2704,26.2709,26.2691,26.2650,26.2588,26.2503,26.2395,26.2266,26.2114,26.1940,26.1744,26.1526,26.1285,26.1023,26.0739,26.0432,26.0104,25.9754,25.9382,25.8988,25.8573,25.8135,25.7676,25.7195,25.6693,25.6169,25.5623,25.5056,25.4467,25.3857,25.3226,25.2573,25.1898,25.1203,25.0486,24.9748,24.8988,24.8208,24.7406,24.6583,24.5740,24.4875,24.3989,24.3082,24.2155,24.1206,24.0237,23.9247,23.8236,23.7204,23.6152,23.5079,23.3985,23.2871,23.1736,23.0581,22.9405,22.8209,22.6992,22.5755,22.4498,22.3222,22.1928,22.0618,21.9292,21.7952,21.6599,21.5234,21.3858,21.2473,21.1079,20.9678,20.8271,20.6858,20.5441,20.4020,20.2597,20.1173,19.9749,19.8325,19.6903,19.5483,19.4067,19.2655,19.1248,18.9847,18.8453,18.7066,18.5688,18.4320,18.2961,18.1614,18.0278,17.8954,17.7644,17.6348,17.5066,17.3800,17.2549,17.1316,17.0102,16.8909,16.7740,16.6596,16.5480,16.4394,16.3340,16.2319,16.1335,16.0388,15.9482,15.8617,15.7795,15.7020,15.6291,15.5612,15.4984,15.4409,15.3889,15.3424,15.3017,15.2666,15.2369,15.2125,15.1931,15.1786,15.1688,15.1635,15.1626,15.1658,15.1731,15.1842,15.1989,15.2172,15.2388,15.2636,15.2915,15.3222,15.3556,15.3916,15.4301,15.4708,15.5136,15.5584,15.6051,15.6534,15.7033,15.7547,15.8073,15.8610,15.9158,15.9714,16.0278,16.0848,16.1423,16.2002,16.2583,16.3165,16.3747,16.4328,16.4906,16.5481,16.6051,16.6614,16.7171,16.7720,16.8261,16.8793,16.9317,16.9834,17.0343,17.0843,17.1337,17.1822,17.2300,17.2771,17.3234,17.3689,17.4138,17.4579,17.5013,17.5440,17.5860,17.6274,17.6680,17.7079,17.7472,17.7858,17.8238,17.8611,17.8978,17.9338,17.9691,18.0039,18.0380,18.0716,18.1045,18.1368,18.1685,18.1996,18.2301,18.2601,18.2895,18.3183,18.3465,18.3742,18.4013,18.4279,18.4540,18.4795,18.5045,18.5289,18.5529,18.5763,18.5992,18.6216,18.6435,18.6650,18.6859,18.7063,18.7263,18.7458,18.7648,18.7834,18.8015,18.8191,18.8363,18.8531,18.8694,18.8853,18.9007,18.9157,18.9303,18.9445,18.9582,18.9716,18.9845,18.9971,19.0092,19.0209,19.0323,19.0433,19.0539,19.0641,19.0739,19.0834,19.0925,19.1013,19.1097,19.1177,19.1254,19.1327,19.1398,19.1464,19.1528,19.1588,19.1644,19.1698,19.1748,19.1795,19.1839,19.1880,19.1918,19.1953,19.1985,19.2014,19.2040,19.2063,19.2084,19.2101,19.2116,19.2128,19.2137,19.2144,19.2148,19.2149,19.2148,19.2144,19.2138,19.2129,19.2118,19.2104,19.2088,19.2070,19.2049,19.2026,19.2000,19.1973,19.1943,19.1911,19.1876,19.1840,19.1802,19.1761,19.1718,19.1674,19.1627,19.1578,19.1528,19.1475,19.1421,19.1365,19.1307,19.1247,19.1185,19.1122,19.1057,19.0990,19.0921,19.0851,19.0779,19.0705,19.0630,19.0554,19.0476,19.0396,19.0315,19.0232,19.0148,19.0063,18.9976,18.9887,18.9798,18.9707,18.9615,18.9521,18.9426,18.9330,18.9233,18.9135,18.9035,18.8934,18.8832,18.8729,18.8625,18.8520,18.8414,18.8307,18.8199,18.8089,18.7979,18.7868,18.7756,18.7643,18.7529,18.7415,18.7299,18.7183,18.7066,18.6948,18.6829,18.6710,18.6589,18.6469,18.6347,18.6225,18.6102,18.5978,18.5854,18.5729,18.5604,18.5478,18.5352,18.5225,18.5097,18.4969,18.4841,18.4712,18.4583,18.4453,18.4323,18.4192,18.4061,18.3930,18.3798,18.3666,18.3534,18.3401,18.3269,18.3135,18.3002,18.2869,18.2735,18.2601,18.2467,18.2332,18.2198,18.2063,18.1928,18.1793,18.1658,18.1523,18.1388,18.1253,18.1118,18.0983,18.0848,18.0712,18.0577,18.0442,18.0307,18.0172,18.0037,17.9902,17.9767,17.9633,17.9498,17.9364,17.9230,17.9096,17.8962,17.8828,17.8695,17.8562,17.8429,17.8296,17.8164,17.8032,17.7900,17.7768,17.7637,17.7506,17.7376,17.7245,17.7116,17.6986,17.6857,17.6728,17.6600,17.6472,17.6345,17.6218,17.6092,17.5966,17.5840,17.5715,17.5590,17.5467,17.5343,17.5220,17.5098,17.4976,17.4855,17.4734,17.4614,17.4495,17.4376,17.4258,17.4140,17.4023,17.3907,17.3791,17.3676,17.3562,17.3449,17.3336,17.3224,17.3113,17.3002,17.2892,17.2783,17.2675,17.2567,17.2461,17.2355,17.2250,17.2145,17.2042,17.1939,17.1838,17.1737,17.1637,17.1538,17.1439,17.1342,17.1245,17.1150,17.1055,17.0962,17.0869,17.0777,17.0686,17.0597,17.0508,17.0420,17.0333,17.0247,17.0162,17.0078,16.9994,16.9912,16.9830,16.9749,16.9669,16.9590,16.9511,16.9433,16.9355,16.9278,16.9202,16.9126,16.9051,16.8977,16.8903,16.8829,16.8756,16.8683,16.8611,16.8539,16.8467,16.8396,16.8325,16.8254,16.8183,16.8113,16.8043,16.7973,16.7903,16.7834,16.7764,16.7695,16.7625,16.7556,16.7487,16.7417,16.7348,16.7279,16.7209,16.7140,16.7070,16.7000,16.6930,16.6860,16.6790,16.6719,16.6648,16.6577,16.6506,16.6434,16.6362,16.6290,16.6217,16.6144,16.6071,16.5997,16.5923,16.5848,16.5772,16.5696,16.5620,16.5543,16.5466,16.5387,16.5309,16.5229,16.5149,16.5069,16.4987,16.4905,16.4822,16.4739,16.4654,16.4569,16.4483,16.4397,16.4309,16.4221,16.4131,16.4041,16.3950,16.3858,16.3765,16.3671,16.3576,16.3480,16.3383,16.3285,16.3186,16.3085,16.2984,16.2882,16.2778,16.2673,16.2568,16.2461,16.2352,16.2243,16.2132,16.2020,16.1907,16.1793,16.1677,16.1560,16.1441,16.1322,16.1200,16.1078,16.0954,16.0829,16.0702,16.0574,16.0444,16.0313,16.0180,16.0046,15.9910,15.9773,15.9634,15.9494,15.9352,15.9209,15.9064,15.8917,15.8768,15.8618,15.8467,15.8313,15.8158,15.8001,15.7842,15.7682,15.7520,15.7356,15.7190,15.7023,15.6854,15.6682,15.6509,15.6334,15.6158,15.5979,15.5799,15.5616,15.5432,15.5245,15.5057,15.4867,15.4674,15.4480,15.4284,15.4085,15.3885,15.3682,15.3478,15.3271,15.3063,15.2852,15.2639,15.2424,15.2207,15.1987,15.1766,15.1542,15.1316,15.1088,15.0857,15.0625,15.0390,15.0153,14.9913,14.9671,14.9427,14.9181,14.8933,14.8682,14.8428,14.8172,14.7914,14.7654,14.7391,14.7126,14.6858,14.6588,14.6315,14.6040,14.5763,14.5483,14.5200,14.4915,14.4628,14.4338,14.4045,14.3750,14.3453,14.3152,14.2850,14.2544,14.2236,14.1926,14.1612,14.1296,14.0978,14.0657,14.0333,14.0006,13.9677,13.9345,13.9010,13.8673,13.8333,13.7990,13.7644,13.7296,13.6945,13.6591,13.6234,13.5875,13.5512,13.5147,13.4779,13.4408,13.4035,13.3659,13.3280,13.2899,13.2515,13.2129,13.1741,13.1351,13.0958,13.0563,13.0167,12.9768,12.9368,12.8965,12.8561,12.8155,12.7748,12.7339,12.6929,12.6517,12.6103,12.5689,12.5273,12.4856,12.4438,12.4019,12.3599,12.3178,12.2756,12.2334,12.1911,12.1487,12.1062,12.0637,12.0211,11.9785,11.9359,11.8932,11.8506,11.8079,11.7651,11.7224,11.6797,11.6370,11.5943,11.5516,11.5090,11.4663,11.4238,11.3812,11.3387,11.2963,11.2539,11.2116,11.1693,11.1272,11.0851,11.0431,11.0012,10.9594,10.9177,10.8761,10.8346,10.7933,10.7520,10.7109,10.6700,10.6292,10.5885,10.5480,10.5077,10.4675,10.4275,10.3877,10.3481,10.3086,10.2693,10.2303,10.1914,10.1528,10.1143,10.0761,10.0381,10.0004,9.9628,9.9256,9.8885,9.8517,9.8152,9.7789,9.7429,9.7072,9.6717,9.6365,9.6016,9.5670,9.5327,9.4987,9.4650,9.4316,9.3986,9.3658,9.3334,9.3013,9.2695,9.2381,9.2070,9.1763,9.1459,9.1159,9.0863,9.0570,9.0281,8.9995,8.9714,8.9436,8.9163,8.8893,8.8627,8.8366,8.8108,8.7855,8.7606,8.7361,8.7121,8.6884,8.6652,8.6425,8.6202,8.5984,8.5770,8.5560,8.5356,8.5156,8.4961,8.4770,8.4585,8.4404,8.4228,8.4058,8.3892,8.3731,8.3575,8.3425,8.3279,8.3139,8.3004,8.2875,8.2750,8.2631,8.2518,8.2410,8.2307,8.2211,8.2119,8.2034,8.1953,8.1879,8.1811,8.1748,8.1691,8.1640,8.1595,8.1556,8.1522,8.1495,8.1474,8.1459,8.1450,8.1448,8.1452,8.1461,8.1478,8.1500,8.1529,8.1565,8.1607,8.1655,8.1710,8.1771,8.1840,8.1914,8.1996,8.2084,8.2179,8.2281,8.2390,8.2505,8.2628,8.2757,8.2893,8.3037,8.3187,8.3345,8.3510,8.3682,8.3861,8.4047,8.4241,8.4442,8.4651,8.4866,8.5090,8.5320,8.5559,8.5804,8.6058,8.6319,8.6587,8.6863,8.7147,8.7439,8.7738
-100,0.4066,0.3554,0.3284,0.3081,0.2914,0.2771,0.2645,0.2531,0.2428,0.2333,0.2245,0.2162,0.2085,0.2013,0.1944,0.1879,0.1817,0.1759,0.1702,0.1649,0.1597,0.1547,0.1500,0.1454,0.1410,0.1367,0.1326,0.1286,0.1248,0.1211,0.1175,0.1140,0.1106,0.1073,0.1041,0.1010,0.0979,0.0950,0.0921,0.0894,0.0866,0.0840,0.0814,0.0789,0.0765,0.0741,0.0717,0.0695,0.0672,0.0651,0.0629,0.0609,0.0589,0.0569,0.0549,0.0530,0.0512,0.0494,0.0476,0.0459,0.0442,0.0425,0.0409,0.0393,0.0378,0.0362,0.0348,0.0333,0.0319,0.0305,0.0291,0.0277,0.0264,0.0251,0.0239,0.0226,0.0214,0.0202,0.0191,0.0179,0.0168,0.0157,0.0146,0.0136,0.0125,0.0115,0.0105,0.0096,0.0086,0.0077,0.0067,0.0058,0.0050,0.0041,0.0033,0.0024,0.0016,0.0008,0.0000,0.0000,0.0000,0.0000,0.0000,0.0000,0.0000,0.0000,0.0000,0.0000,0.0000,0.0000,0.0000,0.0000,0.0000,0.0000,0.0000,0.0000,0.0000,0.0000,0.0000,0.0000,0.0000,0.0000,0.0000,0.0000,0.0000,0.0000,0.0000,0.0000,0.0000,0.0000,0.0000,0.0000,0.0000,0.0000,0.0000,0.0000,0.0000,0.0000,0.0000,0.0000,0.0000,0.0000,0.0000,0.0000,0.0000,0.0000,0.0000,0.0000,0.0000,0.0000,0.0000,0.0000,0.0000,0.0000,0.0000,0.0000,0.0000,0.0000,0.0000,0.0000,0.0000,0.0000,0.0000,0.0000,0.0000,0.0000,0.0000,0.0000,0.0000,0.0000,0.0000,0.0000,0.0000,0.0000,0.0000,0.0000,0.0000,0.0000,0.0000,0.0000,0.0000,0.0000,0.0000,0.0000,0.0000,0.0000,0.0000,0.0000,0.0000,0.0000,0.0000,0.0000,0.0000,0.0000,0.0000,0.0000,0.0000,0.0000,0.0000,0.0000,0.0000,0.0000,0.0000,0.0000,0.0000,0.0000,0.0000,0.0000,0.0000,0.0000,0.0000,0.0000,0.0000,0.0000,0.0000,0.0000,0.0000,0.0000,0.0000,0.0000,0.0000,0.0000,0.0000,0.0000,0.0000,0.0000,0.0000,0.0000,0.0000,0.0000,0.0000,0.0000,0.0000,0.0000,0.0000,0.0000,0.0000,0.0000,0.0000,0.0000,0.0000,0.0000,0.0000,0.0000,0.0000,0.0000,0.0000,0.0000,0.0000,0.0000,0.0000,0.0000,0.0000,0.0000,0.0000,0.0000,0.0000,0.0000,0.0000,0.0000,0.0000,0.0000,0.0000,0.0000,0.0000,0.0000,0.0000,0.0000,0.0000,0.0000,0.0000,0.0000,0.0000,0.0000,0.0000,0.0000,0.0000,0.0000,0.0000,0.0000,0.0000,0.0000,0.0000,0.0000,0.0000,0.0000,0.0000,0.0000,0.0000,0.0000,0.0000,0.0000,0.0000,0.0000,0.0000,0.0000,0.0000,0.0000,0.0000,0.0000,0.0000,0.0000,0.0000,0.0000,0.0000,0.0000,0.0000,0.0000,0.0000,0.0000,0.0000,0.0000,0.0000,0.0000,0.0000,0.0000,0.0000,0.0000,0.0000,0.0000,0.0000,0.0000,0.0000,0.0000,0.0000,0.0000,0.0000,0.0000,0.0000,0.0000,0.0000,0.0000,0.0000,0.0000,0.0000,0.0000,0.0000,0.0000,0.0000,0.0000,0.0000,0.0000,0.0000,0.0000,0.0000,0.0000,0.0000,0.0000,0.0000,0.0000,0.0000,0.0000,0.0000,0.0000,0.0000,0.0000,0.0000,0.0000,0.0000,0.0000,0.0000,0.0000,0.0000,0.0000,0.0000,0.0000,0.0000,0.0000,0.0000,0.0000,0.0000,0.0000,0.0000,0.0000,0.0000,0.0000,0.0000,0.0000,0.0000,0.0000,0.0000,0.0000,0.0000,0.0000,0.0000,0.0000,0.0000,0.0000,0.0000,0.0000,0.0000,0.0000,0.0000,0.0000,0.0000,0.0000,0.0000,0.0000,0.0000,0.0000,0.0000,0.0000,0.0000,0.0000,0.0000,0.0000,0.0000,0.0000,0.0000,0.0000,0.0000,0.0000,0.0000,0.0000,0.0000,0.0000,0.0000,0.0000,0.0000,0.0000,0.0000,0.0000,0.0000,0.0000,0.0000,0.0000,0.0000,0.0000,0.0000,0.0000,0.0000,0.0000,0.0000,0.0000,0.0000,0.0000,0.0000,0.0000,0.0000,0.0000,0.0000,0.0000,0.0000,0.0000,0.0000,0.0000,0.0000,0.0000,0.0000,0.0000,0.0000,0.0000,0.0000,0.0000,0.0000,0.0000,0.0000,0.0000,0.0000,0.0000,0.0000,0.0000,0.0000,0.0000,0.0000,0.0000,0.0000,0.0000,0.0000,0.0000,0.0000,0.0000,0.0000,0.0000,0.0000,0.0000,0.0000,0.0000,0.0000,0.0000,0.0000,0.0000,0.0000,0.0000,0.0000,0.0000,0.0000,0.0000,0.0000,0.0000,0.0000,0.0000,0.0000,0.0000,0.0000,0.0000,0.0000,0.0000,0.0000,0.0000,0.0000,0.0000,0.0000,0.0000,0.0000,0.0000,0.0000,0.0000,0.0000,0.0000,0.0000,0.0000,0.0000,0.0000,0.0000,0.0000,0.0000,0.0000,0.0000,0.0000,0.0000,0.0000,0.0000,0.0000,0.0000,0.0000,0.0000,0.0000,0.0000,0.0000,0.0000,0.0000,0.0000,0.0000,0.0000,0.0000,0.0000,0.0000,0.0000,0.0000,0.0000,0.0000,0.0000,0.0000,0.0000,0.0000,0.0000,0.0000,0.0000,0.0000,0.0000,0.0000,0.0000,0.0000,0.0000,0.0000,0.0000,0.0000,0.0000,0.0000,0.0000,0.0000,0.0000,0.0000,0.0000,0.0000,0.0000,0.0000,0.0000,0.0000,0.0000,0.0000,0.0000,0.0000,0.0000,0.0000,0.0000,0.0000,0.0000,0.0000,0.0000,0.0000,0.0000,0.0000,0.0000,0.0000,0.0000,0.0000,0.0000,0.0000,0.0000,0.0000,0.0000,0.0000,0.0000,0.0000,0.0000,0.0000,0.0000,0.0000,0.0000,0.0000,0.0000,0.0000,0.0000,0.0000,0.0000,0.0000,0.0000,0.0000,0.0000,0.0000,0.0000,0.0000,0.0000,0.0000,0.0000,0.0000,0.0000,0.0000,0.0000,0.0000,0.0000,0.0000,0.0000,0.0000,0.0000,0.0000,0.0000,0.0000,0.0000,0.0000,0.0000,0.0000,0.0000,0.0000,0.0000,0.0000,0.0000,0.0000,0.0000,0.0000,0.0000,0.0000,0.0000,0.0000,0.0000,0.0000,0.0000,0.0000,0.0000,0.0000,0.0000,0.0000,0.0000,0.0000,0.0000,0.0000,0.0000,0.0000,0.0000,0.0000,0.0000,0.0000,0.0000,0.0000,0.0000,0.0000,0.0000,0.0000,0.0000,0.0000,0.0000,0.0000,0.0000,0.0000,0.0000,0.0000,0.0000,0.0000,0.0000,0.0000,0.0000,0.0000,0.0000,0.0000,0.0000,0.0000,0.0000,0.0000,0.0000,0.0000,0.0000,0.0000,0.0000,0.0000,0.0000,0.0000,0.0000,0.0000,0.0000,0.0000,0.0000,0.0000,0.0000,0.0000,0.0000,0.0000,0.0000,0.0000,0.0000,0.0000,0.0000,0.0000,0.0000,0.0000,0.0000,0.0000,0.0000,0.0000,0.0000,0.0000,0.0000,0.0000,0.0000,0.0000,0.0000,0.0000,0.0000,0.0000,0.0000,0.0000,0.0000,0.0000,0.0000,0.0000,0.0000,0.0000,0.0000,0.0000,0.0000,0.0000,0.0000,0.0000,0.0000,0.0000,0.0000,0.0000,0.0000,0.0000,0.0000,0.0000,0.0000,0.0000,0.0000,0.0000,0.0000,0.0000,0.0000,0.0000,0.0000,0.0000,0.0000,0.0000,0.0000,0.0000,0.0000,0.0000,0.0000,0.0000,0.0000,0.0000,0.0000,0.0000,0.0000,0.0000,0.0000,0.0000,0.0000,0.0000,0.0000,0.0000,0.0000,0.0000,0.0000,0.0000,0.0000,0.0000,0.0000,0.0000,0.0000,0.0000,0.0000,0.0000,0.0000,0.0000,0.0000,0.0000,0.0000,0.0000,0.0000,0.0000,0.0000,0.0000,0.0000,0.0000,0.0000,0.0000,0.0000,0.0000,0.0000,0.0000,0.0000,0.0000,0.0000,0.0000,0.0000,0.0000,0.0000,0.0000,0.0000,0.0000,0.0000,0.0000,0.0000,0.0000,0.0000,0.0000,0.0000,0.0000,0.0000,0.0000,0.0000,0.0000,0.0000,0.0000,0.0000,0.0000,0.0000,0.0000,0.0000,0.0000,0.0000,0.0000,0.0000,0.0000,0.0000,0.0000,0.0000,0.0000,0.0000,0.0000,0.0000,0.0000,0.0000,0.0000,0.0000,0.0000,0.0000,0.0000,0.0000,0.0000,0.0000,0.0000,0.0000,0.0000,0.0000,0.0000,0.0000,0.0000,0.0000,0.0000,0.0000,0.0000,0.0000,0.0000,0.0000,0.0000,0.0000,0.0000,0.0000,0.0000,0.0000,0.0000,0.0000,0.0000,0.0000,0.0000,0.0000,0.0000,0.0000,0.0000,0.0000,0.0000,0.0000,0.0000,0.0000,0.0000,0.0000,0.0000,0.0000,0.0000,0.0000,0.0000,0.0000,0.0000,0.0000,0.0000,0.0000,0.0000,0.0000,0.0000,0.0000,0.0000,0.0000,0.0000,0.0000,0.0000,0.0000,0.0000,0.0000,0.0000,0.0000,0.0000,0.0000,0.0000,0.0000,0.0000,0.0000,0.0000,0.0000,0.0000,0.0000,0.0000,0.0000,0.0000,0.0000,0.0000,0.0000,0.0000,0.0000,0.0000,0.0000,0.0000,0.0000,0.0000,0.0000,0.0000,0.0000,0.0000,0.0000,0.0000,0.0000,0.0000,0.0000,0.0000,0.0000,0.0000,0.0000,0.0000,0.0000,0.0000,0.0000,0.0000,0.0000,0.0000,0.0000,0.0000,0.0000,0.0000,0.0000,0.0000,0.0000,0.0000,0.0000,0.0000,0.0000,0.0000,0.0000,0.0000,0.0000,0.0000,0.0000,0.0000,0.0000,0.0000,0.0000,0.0000,0.0000,0.0000,0.0000,0.0000,0.0000,0.0000,0.0000,0.0000,0.0000,0.0000,0.0000,0.0000,0.0000,0.0000,0.0000,0.0000,0.0000,0.0000,0.0000,0.0000,0.0000,0.0000,0.0000,0.0000,0.0000,0.0000,0.0000,0.0000,0.0000,0.0000,0.0000,0.0000,0.0000,0.0000,0.0000,0.0000,0.0000,0.0000,0.0000,0.0000,0.0000,0.0000,0.0000,0.0000,0.0000,0.0000,0.0000,0.0000
-80,-1.4186,-1.4862,-1.5238,-1.5530,-1.5777,-1.5995,-1.6191,-1.6371,-1.6538,-1.6695,-1.6843,-1.6984,-1.7117,-1.7245,-1.7368,-1.7486,-1.7600,-1.7711,-1.7818,-1.7921,-1.8022,-1.8120,-1.8215,-1.8309,-1.8399,-1.8488,-1.8575,-1.8660,-1.8743,-1.8825,-1.8905,-1.8984,-1.9061,-1.9136,-1.9211,-1.9284,-1.9356,-1.9427,-1.9497,-1.9565,-1.9633,-1.9700,-1.9766,-1.9830,-1.9894,-1.9958,-2.0020,-2.0081,-2.0142,-2.0202,-2.0261,-2.0320,-2.0378,-2.0435,-2.0491,-2.0547,-2.0602,-2.0657,-2.0711,-2.0765,-2.0817,-2.0870,-2.0922,-2.0973,-2.1024,-2.1074,-2.1124,-2.1174,-2.1223,-2.1271,-2.1319,-2.1367,-2.1414,-2.1461,-2.1507,-2.1553,-2.1598,-2.1644,-2.1688,-2.1733,-2.1777,-2.1821,-2.1864,-2.1907,-2.1949,-2.1992,-2.2034,-2.2075,-2.2117,-2.2158,-2.2199,-2.2239,-2.2279,-2.2319,-2.2358,-2.2398,-2.2437,-2.2475,-2.2514,-2.2552,-2.2590,-2.2628,-2.2665,-2.2702,-2.2739,-2.2776,-2.2812,-2.2848,-2.2884,-2.2920,-2.2955,-2.2990,-2.3025,-2.3060,-2.3095,-2.3129,-2.3163,-2.3197,-2.3231,-2.3264,-2.3297,-2.3331,-2.3363,-2.3396,-2.3429,-2.3461,-2.3493,-2.3525,-2.3557,-2.3588,-2.3620,-2.3651,-2.3682,-2.3713,-2.3743,-2.3774,-2.3804,-2.3834,-2.3864,-2.3894,-2.3924,-2.3953,-2.3983,-2.4012,-2.4041,-2.4070,-2.4098,-2.4127,-2.4155,-2.4183,-2.4212,-2.4240,-2.4267,-2.4295,-2.4323,-2.4350,-2.4377,-2.4404,-2.4431,-2.4458,-2.4485,-2.4511,-2.4538,-2.4564,-2.4590,-2.4616,-2.4642,-2.4668,-2.4693,-2.4719,-2.4744,-2.4770,-2.4795,-2.4820,-2.4845,-2.4869,-2.4894,-2.4919,-2.4943,-2.4967,-2.4992,-2.5016,-2.5040,-2.5063,-2.5087,-2.5111,-2.5134,-2.5158,-2.5181,-2.5204,-2.5227,-2.5250,-2.5273,-2.5296,-2.5319,-2.5341,-2.5364,-2.5386,-2.5408,-2.5430,-2.5452,-2.5474,-2.5496,-2.5518,-2.5540,-2.5561,-2.5583,-2.5604,-2.5625,-2.5646,-2.5668,-2.5689,-2.5709,-2.5730,-2.5751,-2.5772,-2.5792,-2.5813,-2.5833,-2.5853,-2.5873,-2.5893,-2.5913,-2.5933,-2.5953,-2.5973,-2.5993,-2.6012,-2.6032,-2.6051,-2.6071,-2.6090,-2.6109,-2.6128,-2.6147,-2.6166,-2.6185,-2.6204,-2.6222,-2.6241,-2.6259,-2.6278,-2.6296,-2.6315,-2.6333,-2.6351,-2.6369,-2.6387,-2.6405,-2.6423,-2.6441,-2.6458,-2.6476,-2.6493,-2.6511,-2.6528,-2.6546,-2.6563,-2.6580,-2.6597,-2.6614,-2.6631,-2.6648,-2.6665,-2.6682,-2.6699,-2.6715,-2.6732,-2.6748,-2.6765,-2.6781,-2.6797,-2.6814,-2.6830,-2.6846,-2.6862,-2.6878,-2.6894,-2.6910,-2.6925,-2.6941,-2.6957,-2.6972,-2.6988,-2.7003,-2.7019,-2.7034,-2.7050,-2.7065,-2.7080,-2.7095,-2.7110,-2.7125,-2.7140,-2.7155,-2.7170,-2.7184,-2.7199,-2.7214,-2.7228,-2.7243,-2.7257,-2.7272,-2.7286,-2.7300,-2.7314,-2.7329,-2.7343,-2.7357,-2.7371,-2.7385,-2.7399,-2.7412,-2.7426,-2.7440,-2.7454,-2.7467,-2.7481,-2.7494,-2.7508,-2.7521,-2.7535,-2.7548,-2.7561,-2.7574,-2.7587,-2.7600,-2.7613,-2.7626,-2.7639,-2.7652,-2.7665,-2.7678,-2.7691,-2.7703,-2.7716,-2.7728,-2.7741,-2.7753,-2.7766,-2.7778,-2.7791,-2.7803,-2.7815,-2.7827,-2.7839,-2.7851,-2.7863,-2.7875,-2.7887,-2.7899,-2.7911,-2.7923,-2.7935,-2.7946,-2.7958,-2.7970,-2.7981,-2.7993,-2.8004,-2.8016,-2.8027,-2.8038,-2.8050,-2.8061,-2.8072,-2.8083,-2.8094,-2.8105,-2.8116,-2.8127,-2.8138,-2.8149,-2.8160,-2.8171,-2.8182,-2.8192,-2.8203,-2.8214,-2.8224,-2.8235,-2.8245,-2.8256,-2.8266,-2.8276,-2.8287,-2.8297,-2.8307,-2.8317,-2.8328,-2.8338,-2.8348,-2.8358,-2.8368,-2.8378,-2.8388,-2.8398,-2.8407,-2.8417,-2.8427,-2.8437,-2.8446,-2.8456,-2.8465,-2.8475,-2.8485,-2.8494,-2.8503,-2.8513,-2.8522,-2.8532,-2.8541,-2.8550,-2.8559,-2.8568,-2.8577,-2.8587,-2.8596,-2.8605,-2.8614,-2.8623,-2.8631,-2.8640,-2.8649,-2.8658,-2.8667,-2.8675,-2.8684,-2.8693,-2.8701,-2.8710,-2.8718,-2.8727,-2.8735,-2.8744,-2.8752,-2.8760,-2.8769,-2.8777,-2.8785,-2.8793,-2.8802,-2.8810,-2.8818,-2.8826,-2.8834,-2.8842,-2.8850,-2.8858,-2.8866,-2.8873,-2.8881,-2.8889,-2.8897,-2.8904,-2.8912,-2.8920,-2.8927,-2.8935,-2.8942,-2.8950,-2.8957,-2.8965,-2.8972,-2.8980,-2.8987,-2.8994,-2.9002,-2.9009,-2.9016,-2.9023,-2.9030,-2.9037,-2.9044,-2.9051,-2.9058,-2.9065,-2.9072,-2.9079,-2.9086,-2.9093,-2.9100,-2.9107,-2.9113,-2.9120,-2.9127,-2.9133,-2.9140,-2.9147,-2.9153,-2.9160,-2.9166,-2.9173,-2.9179,-2.9186,-2.9192,-2.9198,-2.9205,-2.9211,-2.9217,-2.9223,-2.9230,-2.9236,-2.9242,-2.9248,-2.9254,-2.9260,-2.9266,-2.9272,-2.9278,-2.9284,-2.9290,-2.9296,-2.9301,-2.9307,-2.9313,-2.9319,-2.9324,-2.9330,-2.9336,-2.9341,-2.9347,-2.9353,-2.9358,-2.9364,-2.9369,-2.9375,-2.9380,-2.9385,-2.9391,-2.9396,-2.9401,-2.9407,-2.9412,-2.9417,-2.9422,-2.9428,-2.9433,-2.9438,-2.9443,-2.9448,-2.9453,-2.9458,-2.9463,-2.9468,-2.9473,-2.9478,-2.9483,-2.9487,-2.9492,-2.9497,-2.9502,-2.9506,-2.9511,-2.9516,-2.9521,-2.9525,-2.9530,-2.9534,-2.9539,-2.9543,-2.9548,-2.9552,-2.9557,-2.9561,-2.9566,-2.9570,-2.9574,-2.9579,-2.9583,-2.9587,-2.9591,-2.9595,-2.9600,-2.9604,-2.9608,-2.9612,-2.9616,-2.9620,-2.9624,-2.9628,-2.9632,-2.9636,-2.9640,-2.9644,-2.9648,-2.9652,-2.9655,-2.9659,-2.9663,-2.9667,-2.9670,-2.9674,-2.9678,-2.9681,-2.9685,-2.9689,-2.9692,-2.9696,-2.9699,-2.9703,-2.9706,-2.9710,-2.9713,-2.9716,-2.9720,-2.9723,-2.9726,-2.9730,-2.9733,-2.9736,-2.9739,-2.9743,-2.9746,-2.9749,-2.9752,-2.9755,-2.9758,-2.9761,-2.9764,-2.9767,-2.9770,-2.9773,-2.9776,-2.9779,-2.9782,-2.9785,-2.9788,-2.9791,-2.9793,-2.9796,-2.9799,-2.9802,-2.9804,-2.9807,-2.9810,-2.9812,-2.9815,-2.9818,-2.9820,-2.9823,-2.9825,-2.9828,-2.9830,-2.9833,-2.9835,-2.9838,-2.9840,-2.9842,-2.9845,-2.9847,-2.9849,-2.9852,-2.9854,-2.9856,-2.9858,-2.9860,-2.9863,-2.9865,-2.9867,-2.9869,-2.9871,-2.9873,-2.9875,-2.9877,-2.9879,-2.9881,-2.9883,-2.9885,-2.9887,-2.9889,-2.9891,-2.9892,-2.9894,-2.9896,-2.9898,-2.9900,-2.9901,-2.9903,-2.9905,-2.9906,-2.9908,-2.9910,-2.9911,-2.9913,-2.9914,-2.9916,-2.9918,-2.9919,-2.9920,-2.9922,-2.9923,-2.9925,-2.9926,-2.9928,-2.9929,-2.9930,-2.9932,-2.9933,-2.9934,-2.9935,-2.9937,-2.9938,-2.9939,-2.9940,-2.9941,-2.9942,-2.9944,-2.9945,-2.9946,-2.9947,-2.9948,-2.9949,-2.9950,-2.9951,-2.9952,-2.9953,-2.9954,-2.9954,-2.9955,-2.9956,-2.9957,-2.9958,-2.9959,-2.9959,-2.9960,-2.9961,-2.9962,-2.9962,-2.9963,-2.9964,-2.9964,-2.9965,-2.9965,-2.9966,-2.9966,-2.9967,-2.9968,-2.9968,-2.9969,-2.9969,-2.9969,-2.9970,-2.9970,-2.9971,-2.9971,-2.9971,-2.9972,-2.9972,-2.9972,-2.9972,-2.9973,-2.9973,-2.9973,-2.9973,-2.9973,-2.9974,-2.9974,-2.9974,-2.9974,-2.9974,-2.9974,-2.9974,-2.9974,-2.9974,-2.9974,-2.9974,-2.9974,-2.9974,-2.9974,-2.9974,-2.9974,-2.9974,-2.9973,-2.9973,-2.9973,-2.9973,-2.9973,-2.9972,-2.9972,-2.9972,-2.9971,-2.9971,-2.9971,-2.9970,-2.9970,-2.9970,-2.9969,-2.9969,-2.9968,-2.9968,-2.9967,-2.9967,-2.9966,-2.9966,-2.9965,-2.9965,-2.9964,-2.9963,-2.9963,-2.9962,-2.9961,-2.9961,-2.9960,-2.9959,-2.9959,-2.9958,-2.9957,-2.9956,-2.9955,-2.9955,-2.9954,-2.9953,-2.9952,-2.9951,-2.9950,-2.9949,-2.9948,-2.9947,-2.9946,-2.9945,-2.9944,-2.9943,-2.9942,-2.9941,-2.9940,-2.9939,-2.9938,-2.9937,-2.9936,-2.9934,-2.9933,-2.9932,-2.9931,-2.9930,-2.9928,-2.9927,-2.9926,-2.9924,-2.9923,-2.9922,-2.9920,-2.9919,-2.9918,-2.9916,-2.9915,-2.9913,-2.9912,-2.9910,-2.9909,-2.9907,-2.9906,-2.9904,-2.9903,-2.9901,-2.9900,-2.9898,-2.9896,-2.9895,-2.9893,-2.9891,-2.9890,-2.9888,-2.9886,-2.9885,-2.9883,-2.9881,-2.9879,-2.9877,-2.9876,-2.9874,-2.9872,-2.9870,-2.9868,-2.9866,-2.9864,-2.9862,-2.9861,-2.9859,-2.9857,-2.9855,-2.9853,-2.9851,-2.9849,-2.9846,-2.9844,-2.9842,-2.9840,-2.9838,-2.9836,-2.9834,-2.9832,-2.9829,-2.9827,-2.9825,-2.9823,-2.9821,-2.9818,-2.9816,-2.9814,-2.9811,-2.9809,-2.9807,-2.9804,-2.9802,-2.9800,-2.9797,-2.9795,-2.9792,-2.9790,-2.9787,-2.9785,-2.9782,-2.9780,-2.9777,-2.9775,-2.9772,-2.9770,-2.9767,-2.9765,-2.9762,-2.9759,-2.9757,-2.9754,-2.9751,-2.9749,-2.9746,-2.9743,-2.9741,-2.9738,-2.9735,-2.9732,-2.9729,-2.9727,-2.9724,-2.9721,-2.9718,-2.9715,-2.9712,-2.9709,-2.9707,-2.9704,-2.9701,-2.9698,-2.9695,-2.9692,-2.9689,-2.9686,-2.9683,-2.9680,-2.9677,-2.9673,-2.9670,-2.9667,-2.9664,-2.9661,-2.9658,-2.9655,-2.9651,-2.9648,-2.9645,-2.9642,-2.9639,-2.9635,-2.9632,-2.9629,-2.9626,-2.9622,-2.9619,-2.9616,-2.9612,-2.9609,-2.9605,-2.9602,-2.9599,-2.9595,-2.9592,-2.9588,-2.9585,-2.9581,-2.9578,-2.9574,-2.9571,-2.9567,-2.9564,-2.9560,-2.9557,-2.9553,-2.9549,-2.9546,-2.9542,-2.9538,-2.9535,-2.9531,-2.9527,-2.9524,-2.9520,-2.9516,-2.9513,-2.9509,-2.9505,-2.9501,-2.9497,-2.9494,-2.9490,-2.9486,-2.9482,-2.9478,-2.9474,-2.9470,-2.9466,-2.9463,-2.9459,-2.9455,-2.9451,-2.9447,-2.9443,-2.9439,-2.9435,-2.9431,-2.9427,-2.9422,-2.9418,-2.9414,-2.9410,-2.9406,-2.9402,-2.9398,-2.9394,-2.9389,-2.9385,-2.9381,-2.9377,-2.9373,-2.9368,-2.9364
-80,-1.0066,-0.8539,-0.7851,-0.7396,-0.7066,-0.6815,-0.6622,-0.6472,-0.6355,-0.6266,-0.6201,-0.6154,-0.6124,-0.6109,-0.6107,-0.6115,-0.6134,-0.6163,-0.6199,-0.6243,-0.6294,-0.6351,-0.6414,-0.6482,-0.6555,-0.6633,-0.6715,-0.6801,-0.6890,-0.6984,-0.7080,-0.7180,-0.7282,-0.7387,-0.7495,-0.7605,-0.7718,-0.7833,-0.7950,-0.8068,-0.8189,-0.8312,-0.8436,-0.8562,-0.8689,-0.8818,-0.8948,-0.9079,-0.9212,-0.9346,-0.9482,-0.9618,-0.9755,-0.9894,-1.0033,-1.0173,-1.0315,-1.0457,-1.0600,-1.0743,-1.0888,-1.1033,-1.1179,-1.1326,-1.1473,-1.1621,-1.1769,-1.1918,-1.2067,-1.2218,-1.2368,-1.2519,-1.2671,-1.2823,-1.2975,-1.3128,-1.3281,-1.3434,-1.3588,-1.3742,-1.3897,-1.4052,-1.4207,-1.4363,-1.4518,-1.4674,-1.4831,-1.4987,-1.5144,-1.5301,-1.5458,-1.5615,-1.5773,-1.5930,-1.6088,-1.6246,-1.6405,-1.6563,-1.6721,-1.6880,-1.7039,-1.7197,-1.7356,-1.7515,-1.7675,-1.7834,-1.7993,-1.8152,-1.8312,-1.8471,-1.8631,-1.8790,-1.8950,-1.9110,-1.9269,-1.9429,-1.9589,-1.9748,-1.9908,-2.0068,-2.0228,-2.0387,-2.0547,-2.0707,-2.0867,-2.1026,-2.1186,-2.1346,-2.1505,-2.1665,-2.1825,-2.1984,-2.2144,-2.2303,-2.2462,-2.2622,-2.2781,-2.2940,-2.3099,-2.3259,-2.3418,-2.3576,-2.3735,-2.3894,-2.4053,-2.4212,-2.4370,-2.4529,-2.4687,-2.4845,-2.5004,-2.5162,-2.5320,-2.5478,-2.5635,-2.5793,-2.5951,-2.6108,-2.6266,-2.6423,-2.6580,-2.6737,-2.6894,-2.7051,-2.7208,-2.7364,-2.7521,-2.7677,-2.7833,-2.7990,-2.8146,-2.8301,-2.8457,-2.8613,-2.8768,-2.8923,-2.9079,-2.9234,-2.9389,-2.9543,-2.9698,-2.9852,-3.0007,-3.0161,-3.0315,-3.0469,-3.0623,-3.0776,-3.0930,-3.1083,-3.1236,-3.1389,-3.1542,-3.1695,-3.1847,-3.2000,-3.2152,-3.2304,-3.2456,-3.2608,-3.2759,-3.2911,-3.3062,-3.3213,-3.3364,-3.3515,-3.3665,-3.3816,-3.3966,-3.4116,-3.4266,-3.4416,-3.4565,-3.4715,-3.4864,-3.5013,-3.5162,-3.5311,-3.5459,-3.5608,-3.5756,-3.5904,-3.6052,-3.6200,-3.6347,-3.6494,-3.6642,-3.6789,-3.6935,-3.7082,-3.7228,-3.7375,-3.7521,-3.7667,-3.7812,-3.7958,-3.8103,-3.8248,-3.8393,-3.8538,-3.8683,-3.8827,-3.8972,-3.9116,-3.9259,-3.9403,-3.9547,-3.9690,-3.9833,-3.9976,-4.0119,-4.0261,-4.0404,-4.0546,-4.0688,-4.0830,-4.0972,-4.1113,-4.1254,-4.1395,-4.1536,-4.1677,-4.1817,-4.1958,-4.2098,-4.2238,-4.2377,-4.2517,-4.2656,-4.2795,-4.2934,-4.3073,-4.3212,-4.3350,-4.3488,-4.3626,-4.3764,-4.3902,-4.4039,-4.4176,-4.4313,-4.4450,-4.4587,-4.4723,-4.4860,-4.4996,-4.5131,-4.5267,-4.5403,-4.5538,-4.5673,-4.5808,-4.5942,-4.6077,-4.6211,-4.6345,-4.6479,-4.6613,-4.6746,-4.6880,-4.7013,-4.7146,-4.7278,-4.7411,-4.7543,-4.7675,-4.7807,-4.7939,-4.8071,-4.8202,-4.8333,-4.8464,-4.8595,-4.8725,-4.8855,-4.8986,-4.9116,-4.9245,-4.9375,-4.9504,-4.9633,-4.9762,-4.9891,-5.0019,-5.0148,-5.0276,-5.0404,-5.0532,-5.0659,-5.0787,-5.0914,-5.1041,-5.1167,-5.1294,-5.1420,-5.1546,-5.1672,-5.1798,-5.1924,-5.2049,-5.2174,-5.2299,-5.2424,-5.2548,-5.2673,-5.2797,-5.2921,-5.3045,-5.3168,-5.3291,-5.3415,-5.3537,-5.3660,-5.3783,-5.3905,-5.4027,-5.4149,-5.4271,-5.4392,-5.4514,-5.4635,-5.4756,-5.4877,-5.4997,-5.5118,-5.5238,-5.5358,-5.5477,-5.5597,-5.5716,-5.5835,-5.5954,-5.6073,-5.6192,-5.6310,-5.6428,-5.6546,-5.6664,-5.6781,-5.6899,-5.7016,-5.7133,-5.7249,-5.7366,-5.7482,-5.7598,-5.7714,-5.7830,-5.7946,-5.8061,-5.8176,-5.8291,-5.8406,-5.8520,-5.8635,-5.8749,-5.8863,-5.8977,-5.9090,-5.9203,-5.9317,-5.9429,-5.9542,-5.9655,-5.9767,-5.9879,-5.9991,-6.0103,-6.0215,-6.0326,-6.0437,-6.0548,-6.0659,-6.0769,-6.0880,-6.0990,-6.1100,-6.1210,-6.1319,-6.1428,-6.1538,-6.1647,-6.1755,-6.1864,-6.1972,-6.2080,-6.2188,-6.2296,-6.2404,-6.2511,-6.2618,-6.2725,-6.2832,-6.2939,-6.3045,-6.3151,-6.3257,-6.3363,-6.3469,-6.3574,-6.3679,-6.3784,-6.3889,-6.3994,-6.4098,-6.4202,-6.4306,-6.4410,-6.4514,-6.4617,-6.4720,-6.4823,-6.4926,-6.5029,-6.5131,-6.5234,-6.5336,-6.5438,-6.5539,-6.5641,-6.5742,-6.5843,-6.5944,-6.6045,-6.6145,-6.6245,-6.6345,-6.6445,-6.6545,-6.6644,-6.6744,-6.6843,-6.6942,-6.7041,-6.7139,-6.7237,-6.7335,-6.7433,-6.7531,-6.7629,-6.7726,-6.7823,-6.7920,-6.8017,-6.8114,-6.8210,-6.8306,-6.8402,-6.8498,-6.8593,-6.8689,-6.8784,-6.8879,-6.8974,-6.9069,-6.9163,-6.9257,-6.9351,-6.9445,-6.9539,-6.9632,-6.9725,-6.9819,-6.9911,-7.0004,-7.0097,-7.0189,-7.0281,-7.0373,-7.0465,-7.0556,-7.0648,-7.0739,-7.0830,-7.0920,-7.1011,-7.1101,-7.1192,-7.1282,-7.1371,-7.1461,-7.1550,-7.1640,-7.1729,-7.1817,-7.1906,-7.1995,-7.2083,-7.2171,-7.2259,-7.2346,-7.2434,-7.2521,-7.2608,-7.2695,-7.2782,-7.2869,-7.2955,-7.3041,-7.3127,-7.3213,-7.3298,-7.3384,-7.3469,-7.3554,-7.3639,-7.3723,-7.3808,-7.3892,-7.3976,-7.4060,-7.4144,-7.4227,-7.4311,-7.4394,-7.4477,-7.4559,-7.4642,-7.4724,-7.4806,-7.4888,-7.4970,-7.5052,-7.5133,-7.5214,-7.5296,-7.5376,-7.5457,-7.5538,-7.5618,-7.5698,-7.5778,-7.5857,-7.5937,-7.6016,-7.6096,-7.6174,-7.6253,-7.6332,-7.6410,-7.6488,-7.6566,-7.6644,-7.6722,-7.6799,-7.6877,-7.6954,-7.7031,-7.7107,-7.7184,-7.7260,-7.7336,-7.7412,-7.7488,-7.7564,-7.7639,-7.7714,-7.7789,-7.7864,-7.7939,-7.8013,-7.8088,-7.8162,-7.8236,-7.8310,-7.8383,-7.8456,-7.8530,-7.8603,-7.8675,-7.8748,-7.8820,-7.8893,-7.8965,-7.9037,-7.9108,-7.9180,-7.9251,-7.9322,-7.9393,-7.9464,-7.9535,-7.9605,-7.9675,-7.9745,-7.9815,-7.9885,-7.9954,-8.0024,-8.0093,-8.0162,-8.0230,-8.0299,-8.0367,-8.0436,-8.0504,-8.0571,-8.0639,-8.0706,-8.0774,-8.0841,-8.0908,-8.0975,-8.1041,-8.1107,-8.1174,-8.1240,-8.1305,-8.1371,-8.1437,-8.1502,-8.1567,-8.1632,-8.1697,-8.1761,-8.1825,-8.1890,-8.1954,-8.2017,-8.2081,-8.2145,-8.2208,-8.2271,-8.2334,-8.2397,-8.2459,-8.2521,-8.2584,-8.2646,-8.2707,-8.2769,-8.2831,-8.2892,-8.2953,-8.3014,-8.3075,-8.3135,-8.3196,-8.3256,-8.3316,-8.3376,-8.3435,-8.3495,-8.3554,-8.3613,-8.3672,-8.3731,-8.3790,-8.3848,-8.3906,-8.3964,-8.4022,-8.4080,-8.4137,-8.4195,-8.4252,-8.4309,-8.4366,-8.4422,-8.4479,-8.4535,-8.4591,-8.4647,-8.4703,-8.4758,-8.4814,-8.4869,-8.4924,-8.4979,-8.5033,-8.5088,-8.5142,-8.5196,-8.5250,-8.5304,-8.5357,-8.5411,-8.5464,-8.5517,-8.5570,-8.5623,-8.5675,-8.5728,-8.5780,-8.5832,-8.5884,-8.5935,-8.5987,-8.6038,-8.6089,-8.6140,-8.6191,-8.6241,-8.6292,-8.6342,-8.6392,-8.6442,-8.6492,-8.6541,-8.6591,-8.6640,-8.6689,-8.6738,-8.6786,-8.6835,-8.6883,-8.6931,-8.6979,-8.7027,-8.7075,-8.7122,-8.7169,-8.7216,-8.7263,-8.7310,-8.7357,-8.7403,-8.7449,-8.7495,-8.7541,-8.7587,-8.7632,-8.7678,-8.7723,-8.7768,-8.7813,-8.7857,-8.7902,-8.7946,-8.7990,-8.8034,-8.8078,-8.8122,-8.8165,-8.8208,-8.8251,-8.8294,-8.8337,-8.8380,-8.8422,-8.8464,-8.8506,-8.8548,-8.8590,-8.8631,-8.8673,-8.8714,-8.8755,-8.8796,-8.8837,-8.8877,-8.8917,-8.8958,-8.8998,-8.9037,-8.9077,-8.9117,-8.9156,-8.9195,-8.9234,-8.9273,-8.9311,-8.9350,-8.9388,-8.9426,-8.9464,-8.9502,-8.9539,-8.9577,-8.9614,-8.9651,-8.9688,-8.9725,-8.9761,-8.9798,-8.9834,-8.9870,-8.9906,-8.9942,-8.9977,-9.0013,-9.0048,-9.0083,-9.0118,-9.0153,-9.0187,-9.0221,-9.0256,-9.0290,-9.0324,-9.0357,-9.0391,-9.0424,-9.0457,-9.0490,-9.0523,-9.0556,-9.0588,-9.0621,-9.0653,-9.0685,-9.0717,-9.0748,-9.0780,-9.0811,-9.0842,-9.0873,-9.0904,-9.0935,-9.0965,-9.0996,-9.1026,-9.1056,-9.1085,-9.1115,-9.1145,-9.1174,-9.1203,-9.1232,-9.1261,-9.1290,-9.1318,-9.1346,-9.1374,-9.1402,-9.1430,-9.1458,-9.1485,-9.1513,-9.1540,-9.1567,-9.1594,-9.1620,-9.1647,-9.1673,-9.1699,-9.1725,-9.1751,-9.1777,-9.1802,-9.1827,-9.1853,-9.1878,-9.1902,-9.1927,-9.1952,-9.1976,-9.2000,-9.2024,-9.2048,-9.2071,-9.2095,-9.2118,-9.2141,-9.2164,-9.2187,-9.2210,-9.2233,-9.2255,-9.2277,-9.2299,-9.2321,-9.2343,-9.2364,-9.2385,-9.2407,-9.2428,-9.2449,-9.2469,-9.2490,-9.2510,-9.2530,-9.2550,-9.2570,-9.2590,-9.2610,-9.2629,-9.2648,-9.2667,-9.2686,-9.2705,-9.2723,-9.2742,-9.2760,-9.2778,-9.2796,-9.2814,-9.2831,-9.2849,-9.2866,-9.2883,-9.2900,-9.2917,-9.2934,-9.2950,-9.2966,-9.2982,-9.2998,-9.3014,-9.3030,-9.3045,-9.3061,-9.3076,-9.3091,-9.3106,-9.3120,-9.3135,-9.3149,-9.3163,-9.3177,-9.3191,-9.3205,-9.3219,-9.3232,-9.3245,-9.3258,-9.3271,-9.3284,-9.3296,-9.3309,-9.3321,-9.3333,-9.3345,-9.3357,-9.3369,-9.3380,-9.3391,-9.3402,-9.3413,-9.3424,-9.3435,-9.3445,-9.3456,-9.3466,-9.3476,-9.3486,-9.3495,-9.3505,-9.3514,-9.3523,-9.3533,-9.3541,-9.3550,-9.3559,-9.3567,-9.3575,-9.3583,-9.3591,-9.3599,-9.3607,-9.3614,-9.3622,-9.3629,-9.3636,-9.3643,-9.3649,-9.3656,-9.3662,-9.3668,-9.3674,-9.3680,-9.3686,-9.3691,-9.3697,-9.3702,-9.3707,-9.3712,-9.3717,-9.3721,-9.3726,-9.3730,-9.3734,-9.3738,-9.3742,-9.3746,-9.3749,-9.3753,-9.3756,-9.3759,-9.3762,-9.3764,-9.3767,-9.3769,-9.3772,-9.3774,-9.3776,-9.3777,-9.3779,-9.3780,-9.3782,-9.3783,-9.3784,-9.3785,-9.3785,-9.3786,-9.3786
-80,0.9565,0.7543,0.6630,0.6024,0.5581,0.5242,0.4978,0.4769,0.4604,0.4474,0.4374,0.4298,0.4244,0.4208,0.4188,0.4182,0.4189,0.4207,0.4235,0.4272,0.4318,0.4371,0.4431,0.4498,0.4570,0.4648,0.4731,0.4818,0.4910,0.5006,0.5105,0.5209,0.5315,0.5424,0.5536,0.5651,0.5769,0.5888,0.6010,0.6134,0.6260,0.6388,0.6518,0.6649,0.6782,0.6916,0.7052,0.7188,0.7327,0.7466,0.7606,0.7747,0.7890,0.8033,0.8177,0.8321,0.8467,0.8613,0.8760,0.8908,0.9056,0.9204,0.9353,0.9503,0.9653,0.9803,0.9954,1.0105,1.0257,1.0408,1.0560,1.0713,1.0865,1.1018,1.1171,1.1324,1.1477,1.1630,1.1783,1.1937,1.2090,1.2244,1.2397,1.2551,1.2705,1.2858,1.3012,1.3165,1.3319,1.3472,1.3625,1.3779,1.3932,1.4085,1.4238,1.4390,1.4543,1.4695,1.4848,1.5000,1.5152,1.5304,1.5455,1.5607,1.5758,1.5909,1.6060,1.6210,1.6360,1.6511,1.6660,1.6810,1.6959,1.7108,1.7257,1.7405,1.7554,1.7702,1.7849,1.7997,1.8144,1.8290,1.8437,1.8583,1.8729,1.8874,1.9019,1.9164,1.9309,1.9453,1.9597,1.9740,1.9883,2.0026,2.0168,2.0310,2.0452,2.0593,2.0734,2.0875,2.1015,2.1155,2.1295,2.1434,2.1572,2.1711,2.1849,2.1986,2.2123,2.2260,2.2397,2.2533,2.2668,2.2803,2.2938,2.3073,2.3207,2.3340,2.3473,2.3606,2.3739,2.3871,2.4002,2.4133,2.4264,2.4394,2.4524,2.4654,2.4783,2.4911,2.5039,2.5167,2.5294,2.5421,2.5548,2.5674,2.5799,2.5925,2.6049,2.6174,2.6298,2.6421,2.6544,2.6667,2.6789,2.6910,2.7032,2.7153,2.7273,2.7393,2.7512,2.7631,2.7750,2.7868,2.7986,2.8103,2.8220,2.8336,2.8452,2.8568,2.8683,2.8797,2.8911,2.9025,2.9138,2.9251,2.9364,2.9475,2.9587,2.9698,2.9808,2.9918,3.0028,3.0137,3.0246,3.0354,3.0462,3.0569,3.0676,3.0783,3.0889,3.0994,3.1099,3.1204,3.1308,3.1412,3.1515,3.1618,3.1720,3.1822,3.1923,3.2024,3.2125,3.2225,3.2325,3.2424,3.2522,3.2621,3.2718,3.2816,3.2913,3.3009,3.3105,3.3200,3.3295,3.3390,3.3484,3.3578,3.3671,3.3764,3.3856,3.3948,3.4039,3.4130,3.4220,3.4310,3.4400,3.4489,3.4578,3.4666,3.4753,3.4841,3.4927,3.5014,3.5100,3.5185,3.5270,3.5354,3.5438,3.5522,3.5605,3.5688,3.5770,3.5852,3.5933,3.6014,3.6094,3.6174,3.6253,3.6332,3.6411,3.6489,3.6567,3.6644,3.6721,3.6797,3.6873,3.6948,3.7023,3.7097,3.7171,3.7245,3.7318,3.7391,3.7463,3.7534,3.7606,3.7677,3.7747,3.7817,3.7886,3.7955,3.8024,3.8092,3.8159,3.8227,3.8293,3.8360,3.8425,3.8491,3.8556,3.8620,3.8684,3.8748,3.8811,3.8874,3.8936,3.8998,3.9059,3.9120,3.9180,3.9240,3.9300,3.9359,3.9417,3.9476,3.9533,3.9591,3.9647,3.9704,3.9760,3.9815,3.9870,3.9925,3.9979,4.0033,4.0086,4.0139,4.0191,4.0243,4.0294,4.0346,4.0396,4.0446,4.0496,4.0545,4.0594,4.0642,4.0690,4.0738,4.0785,4.0831,4.0878,4.0923,4.0968,4.1013,4.1058,4.1102,4.1145,4.1188,4.1231,4.1273,4.1315,4.1356,4.1397,4.1437,4.1477,4.1517,4.1556,4.1595,4.1633,4.1671,4.1708,4.1745,4.1781,4.1817,4.1853,4.1888,4.1923,4.1957,4.1991,4.2025,4.2058,4.2090,4.2122,4.2154,4.2185,4.2216,4.2246,4.2276,4.2306,4.2335,4.2364,4.2392,4.2420,4.2447,4.2474,4.2500,4.2527,4.2552,4.2577,4.2602,4.2626,4.2650,4.2674,4.2697,4.2720,4.2742,4.2764,4.2785,4.2806,4.2826,4.2846,4.2866,4.2885,4.2904,4.2922,4.2940,4.2958,4.2975,4.2992,4.3008,4.3024,4.3039,4.3054,4.3068,4.3083,4.3096,4.3110,4.3122,4.3135,4.3147,4.3158,4.3170,4.3180,4.3191,4.3200,4.3210,4.3219,4.3228,4.3236,4.3244,4.3251,4.3258,4.3264,4.3271,4.3276,4.3281,4.3286,4.3291,4.3295,4.3298,4.3302,4.3304,4.3307,4.3309,4.3310,4.3311,4.3312,4.3312,4.3312,4.3312,4.3311,4.3309,4.3307,4.3305,4.3303,4.3299,4.3296,4.3292,4.3288,4.3283,4.3278,4.3273,4.3267,4.3260,4.3254,4.3246,4.3239,4.3231,4.3222,4.3214,4.3204,4.3195,4.3185,4.3174,4.3163,4.3152,4.3141,4.3129,4.3116,4.3103,4.3090,4.3076,4.3062,4.3048,4.3033,4.3017,4.3002,4.2985,4.2969,4.2952,4.2935,4.2917,4.2899,4.2880,4.2861,4.2842,4.2822,4.2802,4.2781,4.2760,4.2739,4.2717,4.2695,4.2672,4.2649,4.2626,4.2602,4.2578,4.2553,4.2528,4.2503,4.2477,4.2451,4.2424,4.2397,4.2370,4.2342,4.2314,4.2285,4.2257,4.2227,4.2197,4.2167,4.2137,4.2106,4.2074,4.2043,4.2010,4.1978,4.1945,4.1912,4.1878,4.1844,4.1809,4.1774,4.1739,4.1703,4.1667,4.1631,4.1594,4.1556,4.1519,4.1481,4.1442,4.1403,4.1364,4.1325,4.1285,4.1244,4.1203,4.1162,4.1121,4.1079,4.1036,4.0993,4.0950,4.0907,4.0863,4.0819,4.0774,4.0729,4.0683,4.0637,4.0591,4.0545,4.0498,4.0450,4.0402,4.0354,4.0306,4.0257,4.0207,4.0158,4.0107,4.0057,4.0006,3.9955,3.9903,3.9851,3.9799,3.9746,3.9693,3.9639,3.9585,3.9531,3.9476,3.9421,3.9366,3.9310,3.9253,3.9197,3.9140,3.9082,3.9025,3.8966,3.8908,3.8849,3.8790,3.8730,3.8670,3.8610,3.8549,3.8487,3.8426,3.8364,3.8302,3.8239,3.8176,3.8112,3.8049,3.7984,3.7920,3.7855,3.7789,3.7724,3.7658,3.7591,3.7524,3.7457,3.7389,3.7321,3.7253,3.7184,3.7115,3.7046,3.6976,3.6906,3.6835,3.6764,3.6693,3.6621,3.6549,3.6476,3.6404,3.6330,3.6257,3.6183,3.6108,3.6034,3.5959,3.5883,3.5807,3.5731,3.5655,3.5578,3.5500,3.5423,3.5345,3.5266,3.5188,3.5108,3.5029,3.4949,3.4869,3.4788,3.4707,3.4626,3.4544,3.4462,3.4379,3.4297,3.4213,3.4130,3.4046,3.3962,3.3877,3.3792,3.3707,3.3621,3.3535,3.3448,3.3361,3.3274,3.3186,3.3099,3.3010,3.2922,3.2833,3.2743,3.2653,3.2563,3.2473,3.2382,3.2291,3.2199,3.2107,3.2015,3.1922,3.1829,3.1736,3.1642,3.1548,3.1453,3.1358,3.1263,3.1168,3.1072,3.0975,3.0879,3.0782,3.0684,3.0587,3.0489,3.0390,3.0291,3.0192,3.0093,2.9993,2.9893,2.9792,2.9691,2.9590,2.9488,2.9386,2.9284,2.9181,2.9078,2.8974,2.8871,2.8766,2.8662,2.8557,2.8452,2.8346,2.8240,2.8134,2.8027,2.7920,2.7813,2.7705,2.7597,2.7489,2.7380,2.7271,2.7161,2.7052,2.6941,2.6831,2.6720,2.6609,2.6497,2.6385,2.6273,2.6160,2.6047,2.5934,2.5820,2.5706,2.5592,2.5477,2.5362,2.5246,2.5130,2.5014,2.4898,2.4781,2.4664,2.4546,2.4428,2.4310,2.4191,2.4072,2.3953,2.3833,2.3713,2.3593,2.3472,2.3351,2.3230,2.3108,2.2986,2.2864,2.2741,2.2618,2.2494,2.2370,2.2246,2.2122,2.1997,2.1872,2.1746,2.1620,2.1494,2.1367,2.1240,2.1113,2.0986,2.0858,2.0729,2.0601,2.0472,2.0342,2.0213,2.0083,1.9952,1.9821,1.9690,1.9559,1.9427,1.9295,1.9163,1.9030,1.8897,1.8763,1.8630,1.8495,1.8361,1.8226,1.8091,1.7955,1.7820,1.7683,1.7547,1.7410,1.7273,1.7135,1.6997,1.6859,1.6721,1.6582,1.6442,1.6303,1.6163,1.6023,1.5882,1.5741,1.5600,1.5458,1.5316,1.5174,1.5031,1.4888,1.4745,1.4602,1.4458,1.4313,1.4169,1.4024,1.3878,1.3733,1.3587,1.3440,1.3294,1.3147,1.2999,1.2852,1.2704,1.2555,1.2407,1.2258,1.2108,1.1959,1.1809,1.1658,1.1508,1.1357,1.1205,1.1054,1.0902,1.0749,1.0597,1.0444,1.0290,1.0137,0.9983,0.9828,0.9674,0.9519,0.9363,0.9208,0.9052,0.8895,0.8739,0.8582,0.8424,0.8267,0.8109,0.7950,0.7792,0.7633,0.7473,0.7314,0.7154,0.6994,0.6833,0.6672,0.6511,0.6349,0.6187,0.6025,0.5862,0.5699,0.5536,0.5373,0.5209,0.5044,0.4880,0.4715,0.4550,0.4384,0.4218,0.4052,0.3886,0.3719,0.3552,0.3384,0.3216,0.3048,0.2880,0.2711,0.2542,0.2372,0.2202,0.2032,0.1862,0.1691,0.1520,0.1349,0.1177,0.1005,0.0833,0.0660,0.0487,0.0313,0.0140,-0.0034,-0.0209,-0.0383,-0.0558,-0.0733,-0.0909,-0.1085,-0.1261,-0.1438,-0.1615,-0.1792,-0.1969,-0.2147,-0.2326,-0.2504,-0.2683,-0.2862,-0.3041,-0.3221,-0.3401,-0.3582,-0.3763,-0.3944,-0.4125,-0.4307,-0.4489,-0.4671,-0.4854,-0.5037,-0.5220,-0.5404,-0.5588,-0.5772,-0.5957,-0.6142,-0.6327,-0.6512,-0.6698,-0.6884,-0.7071,-0.7258,-0.7445,-0.7632,-0.7820,-0.8008,-0.8197,-0.8385,-0.8574,-0.8764,-0.8953,-0.9143,-0.9334,-0.9524,-0.9715,-0.9907,-1.0098,-1.0290,-1.0482,-1.0675,-1.0868,-1.1061,-1.1254,-1.1448,-1.1642,-1.1836,-1.2031,-1.2226,-1.2422,-1.2617,-1.2813,-1.3010,-1.3206,-1.3403,-1.3600,-1.3798,-1.3996,-1.4194,-1.4392,-1.4591,-1.4790,-1.4990,-1.5190,-1.5390,-1.5590,-1.5791,-1.5992,-1.6193,-1.6395,-1.6597,-1.6799,-1.7001,-1.7204,-1.7407,-1.7611,-1.7815,-1.8019,-1.8223,-1.8428,-1.8633
-80,5.9410,6.2019,6.3454,6.4558,6.5486,6.6299,6.7030,6.7699,6.8317,6.8895,6.9439,6.9954,7.0443,7.0910,7.1358,7.1788,7.2202,7.2601,7.2988,7.3363,7.3726,7.4080,7.4423,7.4758,7.5085,7.5404,7.5716,7.6020,7.6319,7.6611,7.6897,7.7178,7.7453,7.7724,7.7990,7.8251,7.8508,7.8761,7.9009,7.9254,7.9496,7.9733,7.9968,8.0199,8.0426,8.0651,8.0873,8.1092,8.1308,8.1522,8.1733,8.1941,8.2147,8.2351,8.2552,8.2752,8.2949,8.3144,8.3337,8.3527,8.3716,8.3904,8.4089,8.4272,8.4454,8.4634,8.4813,8.4990,8.5165,8.5339,8.5511,8.5681,8.5851,8.6019,8.6185,8.6350,8.6514,8.6677,8.6838,8.6998,8.7157,8.7315,8.7471,8.7627,8.7781,8.7934,8.8086,8.8237,8.8387,8.8536,8.8684,8.8831,8.8977,8.9122,8.9266,8.9410,8.9552,8.9693,8.9834,8.9974,9.0113,9.0251,9.0388,9.0524,9.0660,9.0795,9.0929,9.1063,9.1195,9.1327,9.1458,9.1589,9.1719,9.1848,9.1976,9.2104,9.2231,9.2358,9.2484,9.2609,9.2734,9.2858,9.2981,9.3104,9.3226,9.3348,9.3469,9.3589,9.3709,9.3829,9.3948,9.4066,9.4184,9.4301,9.4418,9.4534,9.4650,9.4765,9.4880,9.4995,9.5108,9.5222,9.5335,9.5447,9.5559,9.5671,9.5782,9.5893,9.6003,9.6113,9.6222,9.6331,9.6440,9.6548,9.6656,9.6763,9.6870,9.6977,9.7083,9.7189,9.7294,9.7399,9.7504,9.7609,9.7713,9.7816,9.7920,9.8022,9.8125,9.8227,9.8329,9.8431,9.8532,9.8633,9.8734,9.8834,9.8934,9.9034,9.9133,9.9232,9.9331,9.9429,9.9527,9.9625,9.9723,9.9820,9.9917,10.0014,10.0110,10.0206,10.0302,10.0398,10.0493,10.0588,10.0683,10.0777,10.0871,10.0965,10.1059,10.1153,10.1246,10.1339,10.1432,10.1524,10.1616,10.1708,10.1800,10.1892,10.1983,10.2074,10.2165,10.2255,10.2346,10.2436,10.2526,10.2616,10.2705,10.2794,10.2884,10.2972,10.3061,10.3149,10.3238,10.3326,10.3414,10.3501,10.3589,10.3676,10.3763,10.3850,10.3936,10.4023,10.4109,10.4195,10.4281,10.4367,10.4452,10.4538,10.4623,10.4708,10.4793,10.4877,10.4962,10.5046,10.5130,10.5214,10.5298,10.5381,10.5465,10.5548,10.5631,10.5714,10.5797,10.5880,10.5962,10.6044,10.6127,10.6209,10.6290,10.6372,10.6454,10.6535,10.6616,10.6697,10.6778,10.6859,10.6940,10.7020,10.7101,10.7181,10.7261,10.7341,10.7421,10.7500,10.7580,10.7659,10.7738,10.7818,10.7897,10.7975,10.8054,10.8133,10.8211,10.8290,10.8368,10.8446,10.8524,10.8602,10.8679,10.8757,10.8835,10.8912,10.8989,10.9066,10.9143,10.9220,10.9297,10.9374,10.9450,10.9527,10.9603,10.9679,10.9755,10.9831,10.9907,10.9983,11.0058,11.0134,11.0209,11.0285,11.0360,11.0435,11.0510,11.0585,11.0660,11.0735,11.0809,11.0884,11.0958,11.1032,11.1107,11.1181,11.1255,11.1329,11.1403,11.1476,11.1550,11.1624,11.1697,11.1770,11.1844,11.1917,11.1990,11.2063,11.2136,11.2209,11.2281,11.2354,11.2427,11.2499,11.2571,11.2644,11.2716,11.2788,11.2860,11.2932,11.3004,11.3076,11.3148,11.3219,11.3291,11.3362,11.3434,11.3505,11.3576,11.3647,11.3718,11.3789,11.3860,11.3931,11.4002,11.4073,11.4143,11.4214,11.4284,11.4355,11.4425,11.4496,11.4566,11.4636,11.4706,11.4776,11.4846,11.4916,11.4986,11.5055,11.5125,11.5194,11.5264,11.5333,11.5403,11.5472,11.5541,11.5611,11.5680,11.5749,11.5818,11.5887,11.5956,11.6024,11.6093,11.6162,11.6231,11.6299,11.6368,11.6436,11.6504,11.6573,11.6641,11.6709,11.6777,11.6846,11.6914,11.6982,11.7049,11.7117,11.7185,11.7253,11.7321,11.7388,11.7456,11.7523,11.7591,11.7658,11.7726,11.7793,11.7860,11.7928,11.7995,11.8062,11.8129,11.8196,11.8263,11.8330,11.8397,11.8464,11.8530,11.8597,11.8664,11.8730,11.8797,11.8863,11.8930,11.8996,11.9063,11.9129,11.9195,11.9262,11.9328,11.9394,11.9460,11.9526,11.9592,11.9658,11.9724,11.9790,11.9856,11.9922,11.9988,12.0053,12.0119,12.0185,12.0250,12.0316,12.0381,12.0447,12.0512,12.0578,12.0643,12.0708,12.0774,12.0839,12.0904,12.0969,12.1034,12.1099,12.1164,12.1229,12.1294,12.1359,12.1424,12.1489,12.1554,12.1619,12.1683,12.1748,12.1813,12.1878,12.1942,12.2007,12.2071,12.2136,12.2200,12.2265,12.2329,12.2393,12.2458,12.2522,12.2586,12.2651,12.2715,12.2779,12.2843,12.2907,12.2971,12.3035,12.3099,12.3163,12.3227,12.3291,12.3355,12.3419,12.3483,12.3547,12.3610,12.3674,12.3738,12.3802,12.3865,12.3929,12.3992,12.4056,12.4119,12.4183,12.4246,12.4310,12.4373,12.4437,12.4500,12.4564,12.4627,12.4690,12.4753,12.4817,12.4880,12.4943,12.5006,12.5069,12.5132,12.5196,12.5259,12.5322,12.5385,12.5448,12.5511,12.5574,12.5637,12.5699,12.5762,12.5825,12.5888,12.5951,12.6014,12.6076,12.6139,12.6202,12.6264,12.6327,12.6390,12.6452,12.6515,12.6578,12.6640,12.6703,12.6765,12.6828,12.6890,12.6953,12.7015,12.7077,12.7140,12.7202,12.7265,12.7327,12.7389,12.7451,12.7514,12.7576,12.7638,12.7700,12.7763,12.7825,12.7887,12.7949,12.8011,12.8073,12.8135,12.8198,12.8260,12.8322,12.8384,12.8446,12.8508,12.8570,12.8632,12.8694,12.8755,12.8817,12.8879,12.8941,12.9003,12.9065,12.9127,12.9188,12.9250,12.9312,12.9374,12.9435,12.9497,12.9559,12.9621,12.9682,12.9744,12.9806,12.9867,12.9929,12.9991,13.0052,13.0114,13.0175,13.0237,13.0298,13.0360,13.0421,13.0483,13.0544,13.0606,13.0667,13.0729,13.0790,13.0852,13.0913,13.0974,13.1036,13.1097,13.1159,13.1220,13.1281,13.1343,13.1404,13.1465,13.1527,13.1588,13.1649,13.1710,13.1772,13.1833,13.1894,13.1955,13.2017,13.2078,13.2139,13.2200,13.2261,13.2322,13.2384,13.2445,13.2506,13.2567,13.2628,13.2689,13.2750,13.2811,13.2872,13.2933,13.2995,13.3056,13.3117,13.3178,13.3239,13.3300,13.3361,13.3422,13.3483,13.3544,13.3605,13.3666,13.3726,13.3787,13.3848,13.3909,13.3970,13.4031,13.4092,13.4153,13.4214,13.4275,13.4336,13.4396,13.4457,13.4518,13.4579,13.4640,13.4701,13.4762,13.4822,13.4883,13.4944,13.5005,13.5066,13.5126,13.5187,13.5248,13.5309,13.5370,13.5430,13.5491,13.5552,13.5613,13.5673,13.5734,13.5795,13.5855,13.5916,13.5977,13.6038,13.6098,13.6159,13.6220,13.6280,13.6341,13.6402,13.6462,13.6523,13.6584,13.6645,13.6705,13.6766,13.6826,13.6887,13.6948,13.7008,13.7069,13.7130,13.7190,13.7251,13.7312,13.7372,13.7433,13.7493,13.7554,13.7615,13.7675,13.7736,13.7797,13.7857,13.7918,13.7978,13.8039,13.8100,13.8160,13.8221,13.8281,13.8342,13.8402,13.8463,13.8524,13.8584,13.8645,13.8705,13.8766,13.8826,13.8887,13.8948,13.9008,13.9069,13.9129,13.9190,13.9250,13.9311,13.9372,13.9432,13.9493,13.9553,13.9614,13.9674,13.9735,13.9795,13.9856,13.9917,13.9977,14.0038,14.0098,14.0159,14.0219,14.0280,14.0340,14.0401,14.0461,14.0522,14.0583,14.0643,14.0704,14.0764,14.0825,14.0885,14.0946,14.1006,14.1067,14.1127,14.1188,14.1249,14.1309,14.1370,14.1430,14.1491,14.1551,14.1612,14.1672,14.1733,14.1794,14.1854,14.1915,14.1975,14.2036,14.2096,14.2157,14.2218,14.2278,14.2339,14.2399,14.2460,14.2520,14.2581,14.2642,14.2702,14.2763,14.2823,14.2884,14.2945,14.3005,14.3066,14.3126,14.3187,14.3248,14.3308,14.3369,14.3429,14.3490,14.3551,14.3611,14.3672,14.3732,14.3793,14.3854,14.3914,14.3975,14.4036,14.4096,14.4157,14.4218,14.4278,14.4339,14.4400,14.4460,14.4521,14.4582,14.4642,14.4703,14.4764,14.4824,14.4885,14.4946,14.5006,14.5067,14.5128,14.5188,14.5249,14.5310,14.5370,14.5431,14.5492,14.5553,14.5613,14.5674,14.5735,14.5796,14.5856,14.5917,14.5978,14.6039,14.6099,14.6160,14.6221,14.6282,14.6342,14.6403,14.6464,14.6525,14.6586,14.6646,14.6707,14.6768,14.6829,14.6890,14.6951,14.7011,14.7072,14.7133,14.7194,14.7255,14.7316,14.7377,14.7437,14.7498,14.7559,14.7620,14.7681,14.7742,14.7803,14.7864,14.7925,14.7985,14.8046,14.8107,14.8168,14.8229,14.8290,14.8351,14.8412,14.8473,14.8534,14.8595,14.8656,14.8717,14.8778,14.8839,14.8900,14.8961,14.9022,14.9083,14.9144,14.9205,14.9266,14.9327,14.9388,14.9449,14.9510,14.9571,14.9633,14.9694,14.9755,14.9816,14.9877,14.9938,14.9999,15.0060,15.0121,15.0183,15.0244,15.0305,15.0366,15.0427,15.0488,15.0550,15.0611,15.0672,15.0733,15.0794,15.0856,15.0917,15.0978,15.1039,15.1101,15.1162,15.1223,15.1284,15.1346,15.1407,15.1468,15.1529,15.1591,15.1652,15.1713,15.1775,15.1836,15.1897,15.1959,15.2020,15.2082,15.2143,15.2204,15.2266,15.2327,15.2388,15.2450,15.2511,15.2573,15.2634,15.2696,15.2757,15.2819,15.2880,15.2941,15.3003,15.3064,15.3126,15.3187,15.3249,15.3311,15.3372,15.3434,15.3495,15.3557,15.3618,15.3680,15.3741,15.3803,15.3865,15.3926,15.3988,15.4050,15.4111,15.4173,15.4234,15.4296,15.4358,15.4419,15.4481,15.4543,15.4605,15.4666,15.4728,15.4790,15.4852,15.4913,15.4975,15.5037,15.5099,15.5160,15.5222,15.5284,15.5346,15.5408,15.5469,15.5531,15.5593,15.5655,15.5717,15.5779,15.5841,15.5903,15.5964,15.6026,15.6088,15.6150
-80,13.8564,13.5155,13.3495,13.2321,13.1407,13.0660,13.0033,12.9495,12.9029,12.8620,12.8260,12.7941,12.7657,12.7403,12.7177,12.6975,12.6794,12.6632,12.6488,12.6360,12.6246,12.6146,12.6059,12.5982,12.5917,12.5861,12.5814,12.5776,12.5746,12.5724,12.5709,12.5700,12.5698,12.5698,12.5698,12.5698,12.5698,12.5698,12.5698,12.5698,12.5698,12.5698,12.5698,12.5698,12.5698,12.5698,12.5698,12.5698,12.5698,12.5698,12.5698,12.5698,12.5698,12.5698,12.5698,12.5698,12.5698,12.5698,12.5698,12.5698,12.5698,12.5698,12.5698,12.5698,12.5698,12.5698,12.5698,12.5698,12.5698,12.5698,12.5698,12.5698,12.5698,12.5698,12.5698,12.5698,12.5698,12.5698,12.5698,12.5698,12.5698,12.5698,12.5698,12.5698,12.5698,12.5698,12.5698,12.5698,12.5698,12.5698,12.5698,12.5698,12.5698,12.5698,12.5698,12.5698,12.5698,12.5698,12.5698,12.5698,12.5698,12.5698,12.5698,12.5698,12.5698,12.5698,12.5698,12.5698,12.5698,12.5698,12.5698,12.5698,12.5698,12.5698,12.5698,12.5698,12.5698,12.5698,12.5698,12.5698,12.5698,12.5698,12.5698,12.5698,12.5698,12.5698,12.5698,12.5698,12.5698,12.5698,12.5698,12.5698,12.5698,12.5698,12.5698,12.5698,12.5698,12.5698,12.5698,12.5698,12.5698,12.5698,12.5698,12.5698,12.5698,12.5698,12.5698,12.5698,12.5698,12.5698,12.5698,12.5698,12.5698,12.5698,12.5698,12.5698,12.5698,12.5698,12.5698,12.5698,12.5698,12.5698,12.5698,12.5698,12.5698,12.5698,12.5698,12.5698,12.5698,12.5698,12.5698,12.5698,12.5698,12.5698,12.5698,12.5698,12.5698,12.5698,12.5698,12.5698,12.5698,12.5698,12.5698,12.5698,12.5698,12.5698,12.5698,12.5698,12.5698,12.5698,12.5698,12.5698,12.5698,12.5698,12.5698,12.5698,12.5698,12.5698,12.5698,12.5698,12.5698,12.5698,12.5698,12.5698,12.5698,12.5698,12.5698,12.5698,12.5698,12.5698,12.5698,12.5698,12.5698,12.5698,12.5698,12.5698,12.5698,12.5698,12.5698,12.5698,12.5698,12.5698,12.5698,12.5698,12.5698,12.5698,12.5698,12.5698,12.5698,12.5698,12.5698,12.5698,12.5698,12.5698,12.5698,12.5698,12.5698,12.5698,12.5698,12.5698,12.5698,12.5698,12.5698,12.5698,12.5698,12.5698,12.5698,12.5698,12.5698,12.5698,12.5698,12.5698,12.5698,12.5698,12.5698,12.5698,12.5698,12.5698,12.5698,12.5698,12.5698,12.5698,12.5698,12.5698,12.5698,12.5698,12.5698,12.5698,12.5698,12.5698,12.5698,12.5698,12.5698,12.5698,12.5698,12.5698,12.5698,12.5698,12.5698,12.5698,12.5698,12.5698,12.5698,12.5698,12.5698,12.5698,12.5698,12.5698,12.5698,12.5698,12.5698,12.5698,12.5698,12.5698,12.5698,12.5698,12.5698,12.5698,12.5698,12.5698,12.5698,12.5698,12.5698,12.5698,12.5698,12.5698,12.5698,12.5698,12.5698,12.5698,12.5698,12.5698,12.5698,12.5698,12.5698,12.5698,12.5698,12.5698,12.5698,12.5698,12.5698,12.5698,12.5698,12.5698,12.5698,12.5698,12.5698,12.5698,12.5698,12.5698,12.5698,12.5698,12.5698,12.5698,12.5698,12.5698,12.5698,12.5698,12.5698,12.5698,12.5698,12.5698,12.5698,12.5698,12.5698,12.5698,12.5698,12.5698,12.5698,12.5698,12.5698,12.5698,12.5698,12.5698,12.5698,12.5698,12.5698,12.5698,12.5698,12.5698,12.5698,12.5698,12.5698,12.5698,12.5698,12.5698,12.5698,12.5698,12.5698,12.5698,12.5698,12.5698,12.5698,12.5698,12.5698,12.5698,12.5698,12.5698,12.5698,12.5698,12.5698,12.5698,12.5698,12.5698,12.5698,12.5698,12.5698,12.5698,12.5698,12.5698,12.5698,12.5698,12.5698,12.5698,12.5698,12.5698,12.5698,12.5698,12.5698,12.5698,12.5698,12.5698,12.5698,12.5698,12.5698,12.5698,12.5698,12.5698,12.5698,12.5698,12.5698,12.5698,12.5698,12.5698,12.5698,12.5698,12.5698,12.5698,12.5698,12.5698,12.5698,12.5698,12.5698,12.5698,12.5698,12.5698,12.5698,12.5698,12.5698,12.5698,12.5698,12.5698,12.5698,12.5698,12.5698,12.5698,12.5698,12.5698,12.5698,12.5698,12.5698,12.5698,12.5698,12.5698,12.5698,12.5698,12.5698,12.5698,12.5698,12.5698,12.5698,12.5698,12.5698,12.5698,12.5698,12.5698,12.5698,12.5698,12.5698,12.5698,12.5698,12.5698,12.5698,12.5698,12.5698,12.5698,12.5698,12.5698,12.5698,12.5698,12.5698,12.5698,12.5698,12.5698,12.5698,12.5698,12.5698,12.5698,12.5698,12.5698,12.5698,12.5698,12.5698,12.5698,12.5698,12.5698,12.5698,12.5698,12.5698,12.5698,12.5698,12.5698,12.5698,12.5698,12.5698,12.5698,12.5698,12.5698,12.5698,12.5698,12.5698,12.5698,12.5698,12.5698,12.5698,12.5698,12.5698,12.5698,12.5698,12.5698,12.5698,12.5698,12.5698,12.5698,12.5698,12.5698,12.5698,12.5698,12.5698,12.5698,12.5698,12.5698,12.5698,12.5698,12.5698,12.5698,12.5698,12.5698,12.5698,12.5698,12.5698,12.5698,12.5698,12.5698,12.5698,12.5698,12.5698,12.5698,12.5698,12.5698,12.5698,12.5698,12.5698,12.5698,12.5698,12.5698,12.5698,12.5698,12.5698,12.5698,12.5698,12.5698,12.5698,12.5698,12.5698,12.5698,12.5698,12.5698,12.5698,12.5698,12.5698,12.5698,12.5698,12.5698,12.5698,12.5698,12.5698,12.5698,12.5698,12.5698,12.5698,12.5698,12.5698,12.5698,12.5698,12.5698,12.5698,12.5698,12.5698,12.5698,12.5698,12.5698,12.5698,12.5698,12.5698,12.5698,12.5698,12.5698,12.5698,12.5698,12.5698,12.5698,12.5698,12.5698,12.5698,12.5698,12.5698,12.5698,12.5698,12.5698,12.5698,12.5698,12.5698,12.5698,12.5698,12.5698,12.5698,12.5698,12.5698,12.5698,12.5698,12.5698,12.5698,12.5698,12.5698,12.5698,12.5698,12.5698,12.5698,12.5698,12.5698,12.5698,12.5698,12.5698,12.5698,12.5698,12.5698,12.5698,12.5698,12.5698,12.5698,12.5698,12.5698,12.5698,12.5698,12.5698,12.5698,12.5698,12.5698,12.5698,12.5698,12.5698,12.5698,12.5698,12.5698,12.5698,12.5698,12.5698,12.5698,12.5698,12.5698,12.5698,12.5698,12.5698,12.5698,12.5698,12.5698,12.5698,12.5698,12.5698,12.5698,12.5698,12.5698,12.5698,12.5698,12.5698,12.5698,12.5698,12.5698,12.5698,12.5698,12.5698,12.5698,12.5698,12.5698,12.5698,12.5698,12.5698,12.5698,12.5698,12.5698,12.5698,12.5698,12.5698,12.5698,12.5698,12.5698,12.5698,12.5698,12.5698,12.5698,12.5698,12.5698,12.5698,12.5698,12.5698,12.5698,12.5698,12.5698,12.5698,12.5698,12.5698,12.5698,12.5698,12.5698,12.5698,12.5698,12.5698,12.5698,12.5698,12.5698,12.5698,12.5698,12.5698,12.5698,12.5698,12.5698,12.5698,12.5698,12.5698,12.5698,12.5698,12.5698,12.5698,12.5698,12.5698,12.5698,12.5698,12.5698,12.5698,12.5698,12.5698,12.5698,12.5698,12.5698,12.5698,12.5698,12.5698,12.5698,12.5698,12.5698,12.5698,12.5698,12.5698,12.5698,12.5698,12.5698,12.5698,12.5698,12.5698,12.5698,12.5698,12.5698,12.5698,12.5698,12.5698,12.5698,12.5698,12.5698,12.5698,12.5698,12.5698,12.5698,12.5698,12.5698,12.5698,12.5698,12.5698,12.5698,12.5698,12.5698,12.5698,12.5698,12.5698,12.5698,12.5698,12.5698,12.5698,12.5698,12.5698,12.5698,12.5698,12.5698,12.5698,12.5698,12.5698,12.5698,12.5698,12.5698,12.5698,12.5698,12.5698,12.5698,12.5698,12.5698,12.5698,12.5698,12.5698,12.5698,12.5698,12.5698,12.5698,12.5698,12.5698,12.5698,12.5698,12.5698,12.5698,12.5698,12.5698,12.5698,12.5698,12.5698,12.5698,12.5698,12.5698,12.5698,12.5698,12.5698,12.5698,12.5698,12.5698,12.5698,12.5698,12.5698,12.5698,12.5698,12.5698,12.5698,12.5698,12.5698,12.5698,12.5698,12.5698,12.5698,12.5698,12.5698,12.5698,12.5698,12.5698,12.5698,12.5698,12.5698,12.5698,12.5698,12.5698,12.5698,12.5698,12.5698,12.5698,12.5698,12.5698,12.5698,12.5698,12.5698,12.5698,12.5698,12.5698,12.5698,12.5698,12.5698,12.5698,12.5698,12.5698,12.5698,12.5698,12.5698,12.5698,12.5698,12.5698,12.5698,12.5698,12.5698,12.5698,12.5698,12.5698,12.5698,12.5698,12.5698,12.5698,12.5698,12.5698,12.5698,12.5698,12.5698,12.5698,12.5698,12.5698,12.5698,12.5698,12.5698,12.5698,12.5698,12.5698,12.5698,12.5698,12.5698,12.5698,12.5698,12.5698,12.5698,12.5698,12.5698,12.5698,12.5698,12.5698,12.5698,12.5698,12.5698,12.5698,12.5698,12.5698,12.5698,12.5698,12.5698,12.5698,12.5698,12.5698,12.5698,12.5698,12.5698,12.5698,12.5698,12.5698,12.5698,12.5698,12.5698,12.5698,12.5698,12.5698,12.5698,12.5698,12.5698,12.5698,12.5698,12.5698,12.5698,12.5698,12.5698,12.5698,12.5698,12.5698,12.5698,12.5698,12.5698,12.5698,12.5698,12.5698,12.5698,12.5698,12.5698,12.5698,12.5698,12.5698,12.5698,12.5698,12.5698,12.5698,12.5698,12.5698,12.5698,12.5698,12.5698,12.5698,12.5698,12.5698,12.5698,12.5698,12.5698,12.5698,12.5698,12.5698,12.5698,12.5698,12.5698,12.5698,12.5698,12.5698,12.5698,12.5698,12.5698,12.5698,12.5698,12.5698,12.5698,12.5698,12.5698,12.5698,12.5698,12.5698,12.5698,12.5698,12.5698,12.5698,12.5698,12.5698,12.5698,12.5698,12.5698,12.5698,12.5698,12.5698,12.5698,12.5698,12.5698,12.5698,12.5698,12.5698,12.5698,12.5698,12.5698,12.5698,12.5698,12.5698,12.5698,12.5698,12.5698,12.5698,12.5698,12.5698,12.5698,12.5698,12.5698,12.5698,12.5698,12.5698,12.5698,12.5698,12.5698,12.5698,12.5698,12.5698,12.5698,12.5698,12.5698,12.5698
-80,5.7183,5.5376,5.4400,5.3656,5.3038,5.2502,5.2023,5.1588,5.1189,5.0819,5.0472,5.0147,4.9839,4.9547,4.9268,4.9002,4.8748,4.8503,4.8268,4.8041,4.7822,4.7610,4.7405,4.7206,4.7014,4.6826,4.6644,4.6466,4.6294,4.6125,4.5961,4.5800,4.5643,4.5490,4.5340,4.5193,4.5050,4.4909,4.4771,4.4636,4.4503,4.4373,4.4245,4.4120,4.3997,4.3876,4.3757,4.3640,4.3525,4.3412,4.3301,4.3191,4.3083,4.2977,4.2872,4.2770,4.2668,4.2568,4.2469,4.2372,4.2277,4.2182,4.2089,4.1997,4.1906,4.1817,4.1728,4.1641,4.1555,4.1470,4.1386,4.1303,4.1221,4.1140,4.1060,4.0981,4.0903,4.0826,4.0749,4.0674,4.0599,4.0526,4.0453,4.0381,4.0309,4.0239,4.0169,4.0100,4.0031,3.9964,3.9897,3.9830,3.9765,3.9700,3.9636,3.9572,3.9509,3.9447,3.9385,3.9324,3.9263,3.9203,3.9144,3.9085,3.9026,3.8969,3.8911,3.8855,3.8799,3.8743,3.8688,3.8633,3.8579,3.8525,3.8472,3.8419,3.8367,3.8315,3.8263,3.8212,3.8162,3.8111,3.8062,3.8012,3.7963,3.7915,3.7867,3.7819,3.7772,3.7725,3.7678,3.7632,3.7586,3.7541,3.7496,3.7451,3.7407,3.7363,3.7319,3.7275,3.7232,3.7190,3.7147,3.7105,3.7063,3.7022,3.6981,3.6940,3.6899,3.6859,3.6819,3.6779,3.6740,3.6701,3.6662,3.6624,3.6585,3.6547,3.6510,3.6472,3.6435,3.6398,3.6361,3.6325,3.6289,3.6253,3.6217,3.6182,3.6147,3.6112,3.6077,3.6042,3.6008,3.5974,3.5940,3.5907,3.5873,3.5840,3.5807,3.5774,3.5742,3.5710,3.5678,3.5646,3.5614,3.5583,3.5551,3.5520,3.5489,3.5459,3.5428,3.5398,3.5368,3.5338,3.5308,3.5278,3.5249,3.5220,3.5191,3.5162,3.5133,3.5105,3.5076,3.5048,3.5020,3.4992,3.4965,3.4937,3.4910,3.4882,3.4855,3.4829,3.4802,3.4775,3.4749,3.4723,3.4696,3.4671,3.4645,3.4619,3.4593,3.4568,3.4543,3.4518,3.4493,3.4468,3.4443,3.4419,3.4394,3.4370,3.4346,3.4322,3.4298,3.4274,3.4251,3.4227,3.4204,3.4181,3.4158,3.4135,3.4112,3.4089,3.4066,3.4044,3.4021,3.3999,3.3977,3.3955,3.3933,3.3911,3.3889,3.3868,3.3846,3.3825,3.3804,3.3783,3.3762,3.3741,3.3720,3.3699,3.3679,3.3658,3.3638,3.3617,3.3597,3.3577,3.3557,3.3537,3.3517,3.3497,3.3478,3.3458,3.3439,3.3420,3.3400,3.3381,3.3362,3.3343,3.3324,3.3305,3.3287,3.3268,3.3250,3.3231,3.3213,3.3195,3.3176,3.3158,3.3140,3.3122,3.3105,3.3087,3.3069,3.3052,3.3034,3.3017,3.2999,3.2982,3.2965,3.2948,3.2931,3.2914,3.2897,3.2880,3.2863,3.2846,3.2830,3.2813,3.2797,3.2781,3.2764,3.2748,3.2732,3.2716,3.2700,3.2684,3.2668,3.2652,3.2636,3.2621,3.2605,3.2589,3.2574,3.2558,3.2543,3.2528,3.2513,3.2497,3.2482,3.2467,3.2452,3.2437,3.2423,3.2408,3.2393,3.2378,3.2364,3.2349,3.2335,3.2320,3.2306,3.2291,3.2277,3.2263,3.2249,3.2235,3.2221,3.2207,3.2193,3.2179,3.2165,3.2151,3.2138,3.2124,3.2110,3.2097,3.2083,3.2070,3.2056,3.2043,3.2030,3.2016,3.2003,3.1990,3.1977,3.1964,3.1951,3.1938,3.1925,3.1912,3.1899,3.1887,3.1874,3.1861,3.1848,3.1836,3.1823,3.1811,3.1798,3.1786,3.1774,3.1761,3.1749,3.1737,3.1725,3.1712,3.1700,3.1688,3.1676,3.1664,3.1652,3.1640,3.1629,3.1617,3.1605,3.1593,3.1581,3.1570,3.1558,3.1547,3.1535,3.1524,3.1512,3.1501,3.1489,3.1478,3.1467,3.1455,3.1444,3.1433,3.1422,3.1410,3.1399,3.1388,3.1377,3.1366,3.1355,3.1344,3.1333,3.1323,3.1312,3.1301,3.1290,3.1279,3.1269,3.1258,3.1247,3.1237,3.1226,3.1216,3.1205,3.1195,3.1184,3.1174,3.1163,3.1153,3.1143,3.1133,3.1122,3.1112,3.1102,3.1092,3.1081,3.1071,3.1061,3.1051,3.1041,3.1031,3.1021,3.1011,3.1001,3.0991,3.0982,3.0972,3.0962,3.0952,3.0942,3.0933,3.0923,3.0913,3.0904,3.0894,3.0884,3.0875,3.0865,3.0856,3.0846,3.0837,3.0827,3.0818,3.0808,3.0799,3.0790,3.0780,3.0771,3.0762,3.0752,3.0743,3.0734,3.0725,3.0715,3.0706,3.0697,3.0688,3.0679,3.0670,3.0661,3.0652,3.0643,3.0634,3.0625,3.0616,3.0607,3.0598,3.0589,3.0580,3.0571,3.0563,3.0554,3.0545,3.0536,3.0527,3.0519,3.0510,3.0501,3.0493,3.0484,3.0475,3.0467,3.0458,3.0449,3.0441,3.0432,3.0424,3.0415,3.0407,3.0398,3.0390,3.0381,3.0373,3.0365,3.0356,3.0348,3.0339,3.0331,3.0323,3.0314,3.0306,3.0298,3.0290,3.0281,3.0273,3.0265,3.0257,3.0248,3.0240,3.0232,3.0224,3.0216,3.0208,3.0200,3.0191,3.0183,3.0175,3.0167,3.0159,3.0151,3.0143,3.0135,3.0127,3.0119,3.0111,3.0103,3.0095,3.0088,3.0080,3.0072,3.0064,3.0056,3.0048,3.0040,3.0032,3.0025,3.0017,3.0009,3.0001,3.0000,3.0000,3.0000,3.0000,3.0000,3.0000,3.0000,3.0000,3.0000,3.0000,3.0000,3.0000,3.0000,3.0000,3.0000,3.0000,3.0000,3.0000,3.0000,3.0000,3.0000,3.0000,3.0000,3.0000,3.0000,3.0000,3.0000,3.0000,3.0000,3.0000,3.0000,3.0000,3.0000,3.0000,3.0000,3.0000,3.0000,3.0000,3.0000,3.0000,3.0000,3.0000,3.0000,3.0000,3.0000,3.0000,3.0000,3.0000,3.0000,3.0000,3.0000,3.0000,3.0000,3.0000,3.0000,3.0000,3.0000,3.0000,3.0000,3.0000,3.0000,3.0000,3.0000,3.0000,3.0000,3.0000,3.0000,3.0000,3.0000,3.0000,3.0000,3.0000,3.0000,3.0000,3.0000,3.0000,3.0000,3.0000,3.0000,3.0000,3.0000,3.0000,3.0000,3.0000,3.0000,3.0000,3.0000,3.0000,3.0000,3.0000,3.0000,3.0000,3.0000,3.0000,3.0000,3.0000,3.0000,3.0000,3.0000,3.0000,3.0000,3.0000,3.0000,3.0000,3.0000,3.0000,3.0000,3.0000,3.0000,3.0000,3.0000,3.0000,3.0000,3.0000,3.0000,3.0000,3.0000,3.0000,3.0000,3.0000,3.0000,3.0000,3.0000,3.0000,3.0000,3.0000,3.0000,3.0000,3.0000,3.0000,3.0000,3.0000,3.0000,3.0000,3.0000,3.0000,3.0000,3.0000,3.0000,3.0000,3.0000,3.0000,3.0000,3.0000,3.0000,3.0000,3.0000,3.0000,3.0000,3.0000,3.0000,3.0000,3.0000,3.0000,3.0000,3.0000,3.0000,3.0000,3.0000,3.0000,3.0000,3.0000,3.0000,3.0000,3.0000,3.0000,3.0000,3.0000,3.0000,3.0000,3.0000,3.0000,3.0000,3.0000,3.0000,3.0000,3.0000,3.0000,3.0000,3.0000,3.0000,3.0000,3.0000,3.0000,3.0000,3.0000,3.0000,3.0000,3.0000,3.0000,3.0000,3.0000,3.0000,3.0000,3.0000,3.0000,3.0000,3.0000,3.0000,3.0000,3.0000,3.0000,3.0000,3.0000,3.0000,3.0000,3.0000,3.0000,3.0000,3.0000,3.0000,3.0000,3.0000,3.0000,3.0000,3.0000,3.0000,3.0000,3.0000,3.0000,3.0000,3.0000,3.0000,3.0000,3.0000,3.0000,3.0000,3.0000,3.0000,3.0000,3.0000,3.0000,3.0000,3.0000,3.0000,3.0000,3.0000,3.0000,3.0000,3.0000,3.0000,3.0000,3.0000,3.0000,3.0000,3.0000,3.0000,3.0000,3.0000,3.0000,3.0000,3.0000,3.0000,3.0000,3.0000,3.0000,3.0000,3.0000,3.0000,3.0000,3.0000,3.0000,3.0000,3.0000,3.0000,3.0000,3.0000,3.0000,3.0000,3.0000,3.0000,3.0000,3.0000,3.0000,3.0000,3.0000,3.0000,3.0000,3.0000,3.0000,3.0000,3.0000,3.0000,3.0000,3.0000,3.0000,3.0000,3.0000,3.0000,3.0000,3.0000,3.0000,3.0000,3.0000,3.0000,3.0000,3.0000,3.0000,3.0000,3.0000,3.0000,3.0000,3.0000,3.0000,3.0000,3.0000,3.0000,3.0000,3.0000,3.0000,3.0000,3.0000,3.0000,3.0000,3.0000,3.0000,3.0000,3.0000,3.0000,3.0000,3.0000,3.0000,3.0000,3.0000,3.0000,3.0000,3.0000,3.0000,3.0000,3.0000,3.0000,3.0000,3.0000,3.0000,3.0000,3.0000,3.0000,3.0000,3.0000,3.0000,3.0000,3.0000,3.0000,3.0000,3.0000,3.0000,3.0000,3.0000,3.0000,3.0000,3.0000,3.0000,3.0000,3.0000,3.0000,3.0000,3.0000,3.0000,3.0000,3.0000,3.0000,3.0000,3.0000,3.0000,3.0000,3.0000,3.0000,3.0000,3.0000,3.0000,3.0000,3.0000,3.0000,3.0000,3.0000,3.0000,3.0000,3.0000,3.0000,3.0000,3.0000,3.0000,3.0000,3.0000,3.0000,3.0000,3.0000,3.0000,3.0000,3.0000,3.0000,3.0000,3.0000,3.0000,3.0000,3.0000,3.0000,3.0000,3.0000,3.0000,3.0000,3.0000,3.0000,3.0000,3.0000,3.0000,3.0000,3.0000,3.0000,3.0000,3.0000,3.0000,3.0000,3.0000,3.0000,3.0000,3.0000,3.0000,3.0000,3.0000,3.0000,3.0000,3.0000,3.0000,3.0000,3.0000,3.0000,3.0000,3.0000,3.0000,3.0000,3.0000,3.0000,3.0000,3.0000,3.0000,3.0000,3.0000,3.0000,3.0000,3.0000,3.0000,3.0000,3.0000,3.0000,3.0000,3.0000,3.0000,3.0000,3.0000,3.0000,3.0000,3.0000,3.0000,3.0000,3.0000,3.0000,3.0000,3.0000,3.0000,3.0000,3.0000,3.0000,3.0000,3.0000,3.0000,3.0000,3.0000,3.0000,3.0000
-80,7.7038,7.7478,7.7611,7.7660,7.7666,7.7642,7.7600,7.7542,7.7473,7.7395,7.7310,7.7218,7.7121,7.7020,7.6914,7.6806,7.6694,7.6579,7.6463,7.6344,7.6223,7.6101,7.5977,7.5852,7.5725,7.5598,7.5469,7.5340,7.5210,7.5079,7.4947,7.4815,7.4682,7.4549,7.4415,7.4281,7.4147,7.4012,7.3877,7.3742,7.3606,7.3471,7.3335,7.3199,7.3063,7.2926,7.2790,7.2654,7.2517,7.2381,7.2244,7.2108,7.1972,7.1835,7.1699,7.1563,7.1426,7.1290,7.1154,7.1018,7.0882,7.0747,7.0611,7.0476,7.0340,7.0205,7.0070,6.9935,6.9800,6.9666,6.9531,6.9397,6.9263,6.9129,6.8995,6.8862,6.8728,6.8595,6.8462,6.8330,6.8197,6.8065,6.7933,6.7801,6.7669,6.7538,6.7407,6.7276,6.7145,6.7015,6.6884,6.6754,6.6624,6.6495,6.6366,6.6237,6.6108,6.5979,6.5851,6.5723,6.5595,6.5468,6.5340,6.5213,6.5087,6.4960,6.4834,6.4708,6.4582,6.4457,6.4331,6.4206,6.4082,6.3957,6.3833,6.3709,6.3586,6.3462,6.3339,6.3216,6.3094,6.2972,6.2850,6.2728,6.2606,6.2485,6.2364,6.2244,6.2123,6.2003,6.1883,6.1764,6.1644,6.1525,6.1407,6.1288,6.1170,6.1052,6.0934,6.0817,6.0700,6.0583,6.0467,6.0350,6.0234,6.0119,6.0003,5.9888,5.9773,5.9658,5.9544,5.9430,5.9316,5.9203,5.9089,5.8976,5.8864,5.8751,5.8639,5.8527,5.8416,5.8304,5.8193,5.8083,5.7972,5.7862,5.7752,5.7642,5.7533,5.7424,5.7315,5.7206,5.7098,5.6990,5.6882,5.6775,5.6668,5.6561,5.6454,5.6348,5.6241,5.6136,5.6030,5.5925,5.5820,5.5715,5.5610,5.5506,5.5402,5.5299,5.5195,5.5092,5.4989,5.4886,5.4784,5.4682,5.4580,5.4479,5.4378,5.4277,5.4176,5.4075,5.3975,5.3875,5.3776,5.3676,5.3577,5.3478,5.3380,5.3281,5.3183,5.3086,5.2988,5.2891,5.2794,5.2697,5.2601,5.2504,5.2408,5.2313,5.2217,5.2122,5.2027,5.1933,5.1838,5.1744,5.1650,5.1557,5.1464,5.1371,5.1278,5.1185,5.1093,5.1001,5.0909,5.0818,5.0727,5.0636,5.0545,5.0454,5.0364,5.0274,5.0185,5.0095,5.0006,4.9917,4.9828,4.9740,4.9652,4.9564,4.9476,4.9389,4.9302,4.9215,4.9129,4.9042,4.8956,4.8870,4.8785,4.8699,4.8614,4.8529,4.8445,4.8361,4.8277,4.8193,4.8109,4.8026,4.7943,4.7860,4.7777,4.7695,4.7613,4.7531,4.7450,4.7368,4.7287,4.7207,4.7126,4.7046,4.6966,4.6886,4.6806,4.6727,4.6648,4.6569,4.6490,4.6412,4.6334,4.6256,4.6179,4.6101,4.6024,4.5947,4.5871,4.5794,4.5718,4.5642,4.5567,4.5491,4.5416,4.5341,4.5266,4.5192,4.5118,4.5044,4.4970,4.4897,4.4824,4.4751,4.4678,4.4605,4.4533,4.4461,4.4389,4.4318,4.4246,4.4175,4.4105,4.4034,4.3964,4.3894,4.3824,4.3754,4.3685,4.3616,4.3547,4.3478,4.3409,4.3341,4.3273,4.3206,4.3138,4.3071,4.3004,4.2937,4.2870,4.2804,4.2738,4.2672,4.2607,4.2541,4.2476,4.2411,4.2346,4.2282,4.2218,4.2154,4.2090,4.2026,4.1963,4.1900,4.1837,4.1775,4.1712,4.1650,4.1588,4.1527,4.1465,4.1404,4.1343,4.1282,4.1222,4.1161,4.1101,4.1041,4.0982,4.0922,4.0863,4.0804,4.0746,4.0687,4.0629,4.0571,4.0513,4.0455,4.0398,4.0341,4.0284,4.0227,4.0171,4.0115,4.0059,4.0003,3.9947,3.9892,3.9837,3.9782,3.9727,3.9673,3.9619,3.9565,3.9511,3.9457,3.9404,3.9351,3.9298,3.9246,3.9193,3.9141,3.9089,3.9037,3.8986,3.8934,3.8883,3.8832,3.8782,3.8731,3.8681,3.8631,3.8581,3.8532,3.8482,3.8433,3.8384,3.8335,3.8287,3.8239,3.8191,3.8143,3.8095,3.8048,3.8001,3.7954,3.7907,3.7860,3.7814,3.7768,3.7722,3.7677,3.7631,3.7586,3.7541,3.7496,3.7451,3.7407,3.7363,3.7319,3.7275,3.7232,3.7188,3.7145,3.7102,3.7060,3.7017,3.6975,3.6933,3.6891,3.6850,3.6808,3.6767,3.6726,3.6685,3.6645,3.6604,3.6564,3.6524,3.6485,3.6445,3.6406,3.6367,3.6328,3.6289,3.6251,3.6213,3.6175,3.6137,3.6099,3.6062,3.6025,3.5988,3.5951,3.5914,3.5878,3.5842,3.5806,3.5770,3.5735,3.5699,3.5664,3.5629,3.5595,3.5560,3.5526,3.5492,3.5458,3.5424,3.5391,3.5358,3.5324,3.5292,3.5259,3.5227,3.5194,3.5162,3.5130,3.5099,3.5067,3.5036,3.5005,3.4974,3.4944,3.4913,3.4883,3.4853,3.4823,3.4794,3.4764,3.4735,3.4706,3.4677,3.4649,3.4620,3.4592,3.4564,3.4537,3.4509,3.4482,3.4454,3.4427,3.4401,3.4374,3.4348,3.4322,3.4296,3.4270,3.4244,3.4219,3.4194,3.4169,3.4144,3.4119,3.4095,3.4071,3.4047,3.4023,3.3999,3.3976,3.3953,3.3930,3.3907,3.3884,3.3862,3.3840,3.3818,3.3796,3.3774,3.3753,3.3732,3.3711,3.3690,3.3669,3.3649,3.3628,3.3608,3.3589,3.3569,3.3549,3.3530,3.3511,3.3492,3.3473,3.3455,3.3437,3.3419,3.3401,3.3383,3.3365,3.3348,3.3331,3.3314,3.3297,3.3281,3.3264,3.3248,3.3232,3.3216,3.3201,3.3185,3.3170,3.3155,3.3140,3.3126,3.3111,3.3097,3.3083,3.3069,3.3055,3.3042,3.3028,3.3015,3.3002,3.2990,3.2977,3.2965,3.2953,3.2941,3.2929,3.2917,3.2906,3.2895,3.2884,3.2873,3.2862,3.2852,3.2841,3.2831,3.2821,3.2812,3.2802,3.2793,3.2784,3.2775,3.2766,3.2757,3.2749,3.2741,3.2733,3.2725,3.2717,3.2710,3.2702,3.2695,3.2688,3.2682,3.2675,3.2669,3.2663,3.2657,3.2651,3.2645,3.2640,3.2635,3.2630,3.2625,3.2620,3.2615,3.2611,3.2607,3.2603,3.2599,3.2596,3.2592,3.2589,3.2586,3.2583,3.2581,3.2578,3.2576,3.2574,3.2572,3.2570,3.2568,3.2567,3.2566,3.2565,3.2564,3.2563,3.2563,3.2563,3.2563,3.2563,3.2563,3.2563,3.2564,3.2565,3.2566,3.2567,3.2568,3.2570,3.2571,3.2573,3.2575,3.2578,3.2580,3.2583,3.2585,3.2588,3.2592,3.2595,3.2598,3.2602,3.2606,3.2610,3.2614,3.2619,3.2623,3.2628,3.2633,3.2638,3.2643,3.2649,3.2654,3.2660,3.2666,3.2672,3.2679,3.2685,3.2692,3.2699,3.2706,3.2713,3.2721,3.2728,3.2736,3.2744,3.2752,3.2760,3.2769,3.2778,3.2786,3.2795,3.2805,3.2814,3.2824,3.2833,3.2843,3.2853,3.2864,3.2874,3.2885,3.2895,3.2906,3.2917,3.2929,3.2940,3.2952,3.2964,3.2976,3.2988,3.3000,3.3013,3.3025,3.3038,3.3051,3.3064,3.3078,3.3091,3.3105,3.3119,3.3133,3.3147,3.3162,3.3176,3.3191,3.3206,3.3221,3.3236,3.3252,3.3267,3.3283,3.3299,3.3315,3.3332,3.3348,3.3365,3.3382,3.3399,3.3416,3.3433,3.3451,3.3468,3.3486,3.3504,3.3523,3.3541,3.3559,3.3578,3.3597,3.3616,3.3635,3.3655,3.3674,3.3694,3.3714,3.3734,3.3754,3.3775,3.3795,3.3816,3.3837,3.3858,3.3879,3.3901,3.3922,3.3944,3.3966,3.3988,3.4010,3.4033,3.4055,3.4078,3.4101,3.4124,3.4148,3.4171,3.4195,3.4218,3.4242,3.4266,3.4291,3.4315,3.4340,3.4365,3.4390,3.4415,3.4440,3.4465,3.4491,3.4517,3.4543,3.4569,3.4595,3.4622,3.4648,3.4675,3.4702,3.4729,3.4756,3.4784,3.4811,3.4839,3.4867,3.4895,3.4924,3.4952,3.4981,3.5009,3.5038,3.5067,3.5097,3.5126,3.5156,3.5185,3.5215,3.5245,3.5276,3.5306,3.5337,3.5367,3.5398,3.5429,3.5461,3.5492,3.5524,3.5555,3.5587,3.5619,3.5652,3.5684,3.5716,3.5749,3.5782,3.5815,3.5848,3.5882,3.5915,3.5949,3.5983,3.6017,3.6051,3.6085,3.6120,3.6154,3.6189,3.6224,3.6259,3.6295,3.6330,3.6366,3.6401,3.6437,3.6473,3.6510,3.6546,3.6583,3.6620,3.6656,3.6694,3.6731,3.6768,3.6806,3.6843,3.6881,3.6919,3.6958,3.6996,3.7034,3.7073,3.7112,3.7151,3.7190,3.7229,3.7269,3.7309,3.7348,3.7388,3.7428,3.7469,3.7509,3.7550,3.7590,3.7631,3.7672,3.7714,3.7755,3.7797,3.7838,3.7880,3.7922,3.7964,3.8007,3.8049,3.8092,3.8135,3.8178,3.8221,3.8264,3.8307,3.8351,3.8395,3.8439,3.8483,3.8527,3.8571,3.8616,3.8661,3.8705,3.8750,3.8796,3.8841,3.8886,3.8932,3.8978,3.9024,3.9070,3.9116,3.9163,3.9209,3.9256,3.9303,3.9350,3.9397,3.9444,3.9492,3.9540,3.9587,3.9635,3.9683,3.9732,3.9780,3.9829,3.9878,3.9926,3.9976,4.0025,4.0074,4.0124,4.0173,4.0223,4.0273,4.0323,4.0374,4.0424,4.0475,4.0525,4.0576,4.0627,4.0679,4.0730,4.0782,4.0833,4.0885,4.0937,4.0989,4.1041,4.1094,4.1147,4.1199,4.1252,4.1305,4.1358,4.1412,4.1465,4.1519,4.1573,4.1627,4.1681,4.1735,4.1790,4.1844,4.1899,4.1954,4.2009,4.2064,4.2120,4.2175,4.2231,4.2287,4.2343,4.2399,4.2455,4.2511,4.2568,4.2625,4.2681,4.2738,4.2796,4.2853,4.2910,4.2968,4.3026,4.3084,4.3142,4.3200,4.3258,4.3317,4.3376,4.3435,4.3493,4.3553,4.3612,4.3671,4.3731,4.3791,4.3851,4.3911,4.3971,4.4031,4.4092,4.4152,4.4213,4.4274,4.4335,4.4396,4.4458
-80,0.7290,0.6976,0.6807,0.6680,0.6574,0.6482,0.6401,0.6328,0.6260,0.6198,0.6140,0.6085,0.6034,0.5985,0.5939,0.5895,0.5853,0.5813,0.5774,0.5737,0.5701,0.5667,0.5633,0.5601,0.5570,0.5539,0.5510,0.5482,0.5454,0.5427,0.5401,0.5375,0.5350,0.5326,0.5302,0.5279,0.5256,0.5234,0.5213,0.5191,0.5171,0.5151,0.5131,0.5111,0.5092,0.5074,0.5055,0.5037,0.5020,0.5002,0.4986,0.4969,0.4953,0.4936,0.4921,0.4905,0.4890,0.4875,0.4860,0.4846,0.4831,0.4817,0.4804,0.4790,0.4777,0.4763,0.4751,0.4738,0.4725,0.4713,0.4701,0.4689,0.4677,0.4665,0.4654,0.4642,0.4631,0.4620,0.4609,0.4599,0.4588,0.4578,0.4567,0.4557,0.4547,0.4537,0.4528,0.4518,0.4508,0.4499,0.4490,0.4481,0.4472,0.4463,0.4454,0.4446,0.4437,0.4429,0.4420,0.4412,0.4404,0.4396,0.4388,0.4380,0.4372,0.4365,0.4357,0.4350,0.4342,0.4335,0.4328,0.4321,0.4314,0.4307,0.4300,0.4293,0.4287,0.4280,0.4273,0.4267,0.4261,0.4254,0.4248,0.4242,0.4236,0.4230,0.4224,0.4218,0.4212,0.4206,0.4201,0.4195,0.4189,0.4184,0.4179,0.4173,0.4168,0.4163,0.4157,0.4152,0.4147,0.4142,0.4137,0.4132,0.4127,0.4123,0.4118,0.4113,0.4109,0.4104,0.4099,0.4095,0.4090,0.4086,0.4082,0.4077,0.4073,0.4069,0.4065,0.4061,0.4057,0.4053,0.4049,0.4045,0.4041,0.4037,0.4033,0.4029,0.4026,0.4022,0.4018,0.4015,0.4011,0.4008,0.4004,0.4001,0.3997,0.3994,0.3991,0.3987,0.3984,0.3981,0.3978,0.3974,0.3971,0.3968,0.3965,0.3962,0.3959,0.3956,0.3953,0.3951,0.3948,0.3945,0.3942,0.3939,0.3937,0.3934,0.3931,0.3929,0.3926,0.3923,0.3921,0.3918,0.3916,0.3913,0.3911,0.3909,0.3906,0.3904,0.3902,0.3899,0.3897,0.3895,0.3893,0.3890,0.3888,0.3886,0.3884,0.3882,0.3880,0.3878,0.3876,0.3874,0.3872,0.3870,0.3868,0.3866,0.3864,0.3862,0.3861,0.3859,0.3857,0.3855,0.3854,0.3852,0.3850,0.3848,0.3847,0.3845,0.3844,0.3842,0.3840,0.3839,0.3837,0.3836,0.3834,0.3833,0.3831,0.3830,0.3829,0.3827,0.3826,0.3825,0.3823,0.3822,0.3821,0.3819,0.3818,0.3817,0.3816,0.3814,0.3813,0.3812,0.3811,0.3810,0.3809,0.3808,0.3807,0.3805,0.3804,0.3803,0.3802,0.3801,0.3800,0.3799,0.3798,0.3797,0.3797,0.3796,0.3795,0.3794,0.3793,0.3792,0.3791,0.3791,0.3790,0.3789,0.3788,0.3787,0.3787,0.3786,0.3785,0.3784,0.3784,0.3783,0.3782,0.3782,0.3781,0.3780,0.3780,0.3779,0.3779,0.3778,0.3778,0.3777,0.3776,0.3776,0.3775,0.3775,0.3774,0.3774,0.3773,0.3773,0.3773,0.3772,0.3772,0.3771,0.3771,0.3771,0.3770,0.3770,0.3769,0.3769,0.3769,0.3768,0.3768,0.3768,0.3768,0.3767,0.3767,0.3767,0.3767,0.3766,0.3766,0.3766,0.3766,0.3765,0.3765,0.3765,0.3765,0.3765,0.3765,0.3764,0.3764,0.3764,0.3764,0.3764,0.3764,0.3764,0.3764,0.3764,0.3764,0.3764,0.3764,0.3764,0.3763,0.3763,0.3763,0.3763,0.3763,0.3763,0.3763,0.3763,0.3763,0.3763,0.3763,0.3763,0.3763,0.3763,0.3763,0.3763,0.3763,0.3763,0.3763,0.3763,0.3763,0.3763,0.3763,0.3763,0.3763,0.3763,0.3763,0.3763,0.3763,0.3763,0.3763,0.3763,0.3763,0.3763,0.3763,0.3763,0.3763,0.3763,0.3763,0.3763,0.3763,0.3763,0.3763,0.3763,0.3763,0.3763,0.3763,0.3763,0.3763,0.3763,0.3763,0.3763,0.3763,0.3763,0.3763,0.3763,0.3763,0.3763,0.3763,0.3763,0.3763,0.3763,0.3763,0.3763,0.3763,0.3763,0.3763,0.3763,0.3763,0.3763,0.3763,0.3763,0.3763,0.3763,0.3763,0.3763,0.3763,0.3763,0.3763,0.3763,0.3763,0.3763,0.3763,0.3763,0.3763,0.3763,0.3763,0.3763,0.3763,0.3763,0.3763,0.3763,0.3763,0.3763,0.3763,0.3763,0.3763,0.3763,0.3763,0.3763,0.3763,0.3763,0.3763,0.3763,0.3763,0.3763,0.3763,0.3763,0.3763,0.3763,0.3763,0.3763,0.3763,0.3763,0.3763,0.3763,0.3763,0.3763,0.3763,0.3763,0.3763,0.3763,0.3763,0.3763,0.3763,0.3763,0.3763,0.3763,0.3763,0.3763,0.3763,0.3763,0.3763,0.3763,0.3763,0.3763,0.3763,0.3763,0.3763,0.3763,0.3763,0.3763,0.3763,0.3763,0.3763,0.3763,0.3763,0.3763,0.3763,0.3763,0.3763,0.3763,0.3763,0.3763,0.3763,0.3763,0.3763,0.3763,0.3763,0.3763,0.3763,0.3763,0.3763,0.3763,0.3763,0.3763,0.3763,0.3763,0.3763,0.3763,0.3763,0.3763,0.3763,0.3763,0.3763,0.3763,0.3763,0.3763,0.3763,0.3763,0.3763,0.3763,0.3763,0.3763,0.3763,0.3763,0.3763,0.3763,0.3763,0.3763,0.3763,0.3763,0.3763,0.3763,0.3763,0.3763,0.3763,0.3763,0.3763,0.3763,0.3763,0.3763,0.3763,0.3763,0.3763,0.3763,0.3763,0.3763,0.3763,0.3763,0.3763,0.3763,0.3763,0.3763,0.3763,0.3763,0.3763,0.3763,0.3763,0.3763,0.3763,0.3763,0.3763,0.3763,0.3763,0.3763,0.3763,0.3763,0.3763,0.3763,0.3763,0.3763,0.3763,0.3763,0.3763,0.3763,0.3763,0.3763,0.3763,0.3763,0.3763,0.3763,0.3763,0.3763,0.3763,0.3763,0.3763,0.3763,0.3763,0.3763,0.3763,0.3763,0.3763,0.3763,0.3763,0.3763,0.3763,0.3763,0.3763,0.3763,0.3763,0.3763,0.3763,0.3763,0.3763,0.3763,0.3763,0.3763,0.3763,0.3763,0.3763,0.3763,0.3763,0.3763,0.3763,0.3763,0.3763,0.3763,0.3763,0.3763,0.3763,0.3763,0.3763,0.3763,0.3763,0.3763,0.3763,0.3763,0.3763,0.3763,0.3763,0.3763,0.3763,0.3763,0.3763,0.3763,0.3763,0.3763,0.3763,0.3763,0.3763,0.3763,0.3763,0.3763,0.3763,0.3763,0.3763,0.3763,0.3763,0.3763,0.3763,0.3763,0.3763,0.3763,0.3763,0.3763,0.3763,0.3763,0.3763,0.3763,0.3763,0.3763,0.3763,0.3763,0.3763,0.3763,0.3763,0.3763,0.3763,0.3763,0.3763,0.3763,0.3763,0.3763,0.3763,0.3763,0.3763,0.3763,0.3763,0.3763,0.3763,0.3763,0.3763,0.3763,0.3763,0.3763,0.3763,0.3763,0.3763,0.3763,0.3763,0.3763,0.3763,0.3763,0.3763,0.3763,0.3763,0.3763,0.3763,0.3763,0.3763,0.3763,0.3763,0.3763,0.3763,0.3763,0.3763,0.3763,0.3763,0.3763,0.3763,0.3763,0.3763,0.3763,0.3763,0.3763,0.3763,0.3763,0.3763,0.3763,0.3763,0.3763,0.3763,0.3763,0.3763,0.3763,0.3763,0.3763,0.3763,0.3763,0.3763,0.3763,0.3763,0.3763,0.3763,0.3763,0.3763,0.3763,0.3763,0.3763,0.3763,0.3763,0.3763,0.3763,0.3763,0.3763,0.3763,0.3763,0.3763,0.3763,0.3763,0.3763,0.3763,0.3763,0.3763,0.3763,0.3763,0.3763,0.3763,0.3763,0.3763,0.3763,0.3763,0.3763,0.3763,0.3763,0.3763,0.3763,0.3763,0.3763,0.3763,0.3763,0.3763,0.3763,0.3763,0.3763,0.3763,0.3763,0.3763,0.3763,0.3763,0.3763,0.3763,0.3763,0.3763,0.3763,0.3763,0.3763,0.3763,0.3763,0.3763,0.3763,0.3763,0.3763,0.3763,0.3763,0.3763,0.3763,0.3763,0.3763,0.3763,0.3763,0.3763,0.3763,0.3763,0.3763,0.3763,0.3763,0.3763,0.3763,0.3763,0.3763,0.3763,0.3763,0.3763,0.3763,0.3763,0.3763,0.3763,0.3763,0.3763,0.3763,0.3763,0.3763,0.3763,0.3763,0.3763,0.3763,0.3763,0.3763,0.3763,0.3763,0.3763,0.3763,0.3763,0.3763,0.3763,0.3763,0.3763,0.3763,0.3763,0.3763,0.3763,0.3763,0.3763,0.3763,0.3763,0.3763,0.3763,0.3763,0.3763,0.3763,0.3763,0.3763,0.3763,0.3763,0.3763,0.3763,0.3763,0.3763,0.3763,0.3763,0.3763,0.3763,0.3763,0.3763,0.3763,0.3763,0.3763,0.3763,0.3763,0.3763,0.3763,0.3763,0.3763,0.3763,0.3763,0.3763,0.3763,0.3763,0.3763,0.3763,0.3763,0.3763,0.3763,0.3763,0.3763,0.3763,0.3763,0.3763,0.3763,0.3763,0.3763,0.3763,0.3763,0.3763,0.3763,0.3763,0.3763,0.3763,0.3763,0.3763,0.3763,0.3763,0.3763,0.3763,0.3763,0.3763,0.3763,0.3763,0.3763,0.3763,0.3763,0.3763,0.3763,0.3763,0.3763,0.3763,0.3763,0.3763,0.3763,0.3763,0.3763,0.3763,0.3763,0.3763,0.3763,0.3763,0.3763,0.3763,0.3763,0.3763,0.3763,0.3763,0.3763,0.3763,0.3763,0.3763,0.3763,0.3763,0.3763,0.3763,0.3763,0.3763,0.3763,0.3763,0.3763,0.3763,0.3763,0.3763,0.3763,0.3763,0.3763,0.3763,0.3763,0.3763,0.3763,0.3763,0.3763,0.3763,0.3763,0.3763,0.3763,0.3763,0.3763,0.3763,0.3763,0.3763,0.3763,0.3763,0.3763,0.3763,0.3763,0.3763,0.3763,0.3763,0.3763,0.3763,0.3763,0.3763,0.3763,0.3763,0.3763,0.3763,0.3763,0.3763,0.3763,0.3763,0.3763,0.3763,0.3763,0.3763,0.3763,0.3763,0.3763,0.3763,0.3763,0.3763,0.3763,0.3763,0.3763,0.3763,0.3763,0.3763,0.3763,0.3763,0.3763,0.3763,0.3763,0.3763,0.3763,0.3763,0.3763,0.3763,0.3763,0.3763,0.3763,0.3763,0.3763,0.3763
-60,-0.5992,-0.5764,-0.5608,-0.5473,-0.5349,-0.5234,-0.5124,-0.5018,-0.4916,-0.4817,-0.4721,-0.4627,-0.4535,-0.4444,-0.4356,-0.4268,-0.4183,-0.4098,-0.4015,-0.3933,-0.3851,-0.3771,-0.3692,-0.3613,-0.3536,-0.3459,-0.3383,-0.3308,-0.3233,-0.3159,-0.3086,-0.3013,-0.2941,-0.2870,-0.2799,-0.2728,-0.2659,-0.2589,-0.2521,-0.2452,-0.2384,-0.2317,-0.2250,-0.2184,-0.2118,-0.2052,-0.1987,-0.1922,-0.1858,-0.1794,-0.1730,-0.1667,-0.1604,-0.1542,-0.1480,-0.1418,-0.1357,-0.1295,-0.1235,-0.1174,-0.1114,-0.1055,-0.0995,-0.0936,-0.0877,-0.0819,-0.0760,-0.0703,-0.0645,-0.0588,-0.0531,-0.0474,-0.0417,-0.0361,-0.0305,-0.0249,-0.0194,-0.0139,-0.0084,-0.0029,0.0025,0.0079,0.0133,0.0187,0.0240,0.0293,0.0346,0.0399,0.0451,0.0503,0.0555,0.0607,0.0659,0.0710,0.0761,0.0812,0.0862,0.0913,0.0963,0.1013,0.1063,0.1112,0.1162,0.1211,0.1260,0.1309,0.1357,0.1405,0.1454,0.1501,0.1549,0.1597,0.1644,0.1691,0.1738,0.1785,0.1832,0.1878,0.1924,0.1970,0.2016,0.2062,0.2107,0.2152,0.2197,0.2242,0.2287,0.2332,0.2376,0.2420,0.2464,0.2508,0.2552,0.2595,0.2639,0.2682,0.2725,0.2768,0.2810,0.2853,0.2895,0.2937,0.2979,0.3021,0.3063,0.3105,0.3146,0.3187,0.3228,0.3269,0.3310,0.3350,0.3391,0.3431,0.3471,0.3511,0.3551,0.3591,0.3630,0.3670,0.3709,0.3748,0.3787,0.3825,0.3864,0.3903,0.3941,0.3979,0.4017,0.4055,0.4093,0.4130,0.4168,0.4205,0.4242,0.4279,0.4316,0.4353,0.4389,0.4426,0.4462,0.4498,0.4534,0.4570,0.4606,0.4642,0.4677,0.4713,0.4748,0.4783,0.4818,0.4853,0.4887,0.4922,0.4956,0.4991,0.5025,0.5059,0.5093,0.5127,0.5160,0.5194,0.5227,0.5261,0.5294,0.5327,0.5360,0.5392,0.5425,0.5457,0.5490,0.5522,0.5554,0.5586,0.5618,0.5650,0.5682,0.5713,0.5744,0.5776,0.5807,0.5838,0.5869,0.5900,0.5930,0.5961,0.5991,0.6022,0.6052,0.6082,0.6112,0.6142,0.6171,0.6201,0.6230,0.6260,0.6289,0.6318,0.6347,0.6376,0.6405,0.6434,0.6462,0.6491,0.6519,0.6547,0.6575,0.6603,0.6631,0.6659,0.6687,0.6714,0.6742,0.6769,0.6796,0.6823,0.6850,0.6877,0.6904,0.6931,0.6957,0.6984,0.7010,0.7036,0.7062,0.7088,0.7114,0.7140,0.7166,0.7191,0.7217,0.7242,0.7267,0.7293,0.7318,0.7343,0.7367,0.7392,0.7417,0.7441,0.7466,0.7490,0.7514,0.7538,0.7562,0.7586,0.7610,0.7634,0.7657,0.7681,0.7704,0.7728,0.7751,0.7774,0.7797,0.7820,0.7843,0.7865,0.7888,0.7910,0.7933,0.7955,0.7977,0.7999,0.8021,0.8043,0.8065,0.8087,0.8108,0.8130,0.8151,0.8172,0.8194,0.8215,0.8236,0.8257,0.8277,0.8298,0.8319,0.8339,0.8360,0.8380,0.8400,0.8420,0.8440,0.8460,0.8480,0.8500,0.8520,0.8539,0.8559,0.8578,0.8597,0.8617,0.8636,0.8655,0.8674,0.8692,0.8711,0.8730,0.8748,0.8767,0.8785,0.8803,0.8822,0.8840,0.8858,0.8876,0.8893,0.8911,0.8929,0.8946,0.8964,0.8981,0.8998,0.9016,0.9033,0.9050,0.9067,0.9083,0.9100,0.9117,0.9133,0.9150,0.9166,0.9182,0.9199,0.9215,0.9231,0.9247,0.9262,0.9278,0.9294,0.9309,0.9325,0.9340,0.9356,0.9371,0.9386,0.9401,0.9416,0.9431,0.9446,0.9460,0.9475,0.9490,0.9504,0.9518,0.9533,0.9547,0.9561,0.9575,0.9589,0.9603,0.9617,0.9630,0.9644,0.9657,0.9671,0.9684,0.9697,0.9711,0.9724,0.9737,0.9750,0.9762,0.9775,0.9788,0.9800,0.9813,0.9825,0.9838,0.9850,0.9862,0.9874,0.9886,0.9898,0.9910,0.9922,0.9933,0.9945,0.9957,0.9968,0.9979,0.9991,1.0002,1.0013,1.0024,1.0035,1.0046,1.0057,1.0067,1.0078,1.0089,1.0099,1.0109,1.0120,1.0130,1.0140,1.0150,1.0160,1.0170,1.0180,1.0190,1.0199,1.0209,1.0218,1.0228,1.0237,1.0247,1.0256,1.0265,1.0274,1.0283,1.0292,1.0301,1.0309,1.0318,1.0327,1.0335,1.0343,1.0352,1.0360,1.0368,1.0376,1.0384,1.0392,1.0400,1.0408,1.0416,1.0423,1.0431,1.0438,1.0446,1.0453,1.0461,1.0468,1.0475,1.0482,1.0489,1.0496,1.0503,1.0509,1.0516,1.0523,1.0529,1.0535,1.0542,1.0548,1.0554,1.0560,1.0567,1.0573,1.0578,1.0584,1.0590,1.0596,1.0601,1.0607,1.0612,1.0618,1.0623,1.0628,1.0634,1.0639,1.0644,1.0649,1.0653,1.0658,1.0663,1.0668,1.0672,1.0677,1.0681,1.0686,1.0690,1.0694,1.0698,1.0702,1.0706,1.0710,1.0714,1.0718,1.0722,1.0725,1.0729,1.0732,1.0736,1.0739,1.0742,1.0746,1.0749,1.0752,1.0755,1.0758,1.0761,1.0763,1.0766,1.0769,1.0771,1.0774,1.0776,1.0779,1.0781,1.0783,1.0785,1.0787,1.0789,1.0791,1.0793,1.0795,1.0797,1.0798,1.0800,1.0802,1.0803,1.0804,1.0806,1.0807,1.0808,1.0809,1.0810,1.0811,1.0812,1.0813,1.0814,1.0814,1.0815,1.0816,1.0816,1.0817,1.0817,1.0817,1.0817,1.0818,1.0818,1.0818,1.0818,1.0817,1.0817,1.0817,1.0817,1.0816,1.0816,1.0815,1.0815,1.0814,1.0813,1.0812,1.0811,1.0811,1.0810,1.0808,1.0807,1.0806,1.0805,1.0803,1.0802,1.0801,1.0799,1.0797,1.0796,1.0794,1.0792,1.0790,1.0788,1.0786,1.0784,1.0782,1.0780,1.0778,1.0775,1.0773,1.0770,1.0768,1.0765,1.0763,1.0760,1.0757,1.0754,1.0751,1.0748,1.0745,1.0742,1.0739,1.0736,1.0732,1.0729,1.0725,1.0722,1.0718,1.0715,1.0711,1.0707,1.0703,1.0699,1.0695,1.0691,1.0687,1.0683,1.0679,1.0675,1.0670,1.0666,1.0661,1.0657,1.0652,1.0647,1.0643,1.0638,1.0633,1.0628,1.0623,1.0618,1.0613,1.0608,1.0602,1.0597,1.0592,1.0586,1.0581,1.0575,1.0570,1.0564,1.0558,1.0552,1.0546,1.0541,1.0535,1.0528,1.0522,1.0516,1.0510,1.0504,1.0497,1.0491,1.0484,1.0478,1.0471,1.0464,1.0458,1.0451,1.0444,1.0437,1.0430,1.0423,1.0416,1.0408,1.0401,1.0394,1.0387,1.0379,1.0372,1.0364,1.0356,1.0349,1.0341,1.0333,1.0325,1.0317,1.0309,1.0301,1.0293,1.0285,1.0277,1.0268,1.0260,1.0252,1.0243,1.0235,1.0226,1.0217,1.0209,1.0200,1.0191,1.0182,1.0173,1.0164,1.0155,1.0146,1.0137,1.0127,1.0118,1.0109,1.0099,1.0090,1.0080,1.0071,1.0061,1.0051,1.0041,1.0031,1.0021,1.0011,1.0001,0.9991,0.9981,0.9971,0.9961,0.9950,0.9940,0.9929,0.9919,0.9908,0.9898,0.9887,0.9876,0.9865,0.9855,0.9844,0.9833,0.9822,0.9810,0.9799,0.9788,0.9777,0.9765,0.9754,0.9743,0.9731,0.9719,0.9708,0.9696,0.9684,0.9672,0.9661,0.9649,0.9637,0.9625,0.9613,0.9600,0.9588,0.9576,0.9564,0.9551,0.9539,0.9526,0.9514,0.9501,0.9488,0.9476,0.9463,0.9450,0.9437,0.9424,0.9411,0.9398,0.9385,0.9372,0.9358,0.9345,0.9332,0.9318,0.9305,0.9291,0.9277,0.9264,0.9250,0.9236,0.9222,0.9209,0.9195,0.9181,0.9167,0.9152,0.9138,0.9124,0.9110,0.9095,0.9081,0.9067,0.9052,0.9037,0.9023,0.9008,0.8993,0.8979,0.8964,0.8949,0.8934,0.8919,0.8904,0.8889,0.8874,0.8858,0.8843,0.8828,0.8812,0.8797,0.8781,0.8766,0.8750,0.8734,0.8719,0.8703,0.8687,0.8671,0.8655,0.8639,0.8623,0.8607,0.8591,0.8574,0.8558,0.8542,0.8525,0.8509,0.8492,0.8476,0.8459,0.8442,0.8426,0.8409,0.8392,0.8375,0.8358,0.8341,0.8324,0.8307,0.8290,0.8272,0.8255,0.8238,0.8220,0.8203,0.8186,0.8168,0.8150,0.8133,0.8115,0.8097,0.8079,0.8061,0.8043,0.8025,0.8007,0.7989,0.7971,0.7953,0.7935,0.7916,0.7898,0.7880,0.7861,0.7843,0.7824,0.7805,0.7787,0.7768,0.7749,0.7730,0.7711,0.7692,0.7673,0.7654,0.7635,0.7616,0.7597,0.7577,0.7558,0.7539,0.7519,0.7500,0.7480,0.7460,0.7441,0.7421,0.7401,0.7382,0.7362,0.7342,0.7322,0.7302,0.7282,0.7261,0.7241,0.7221,0.7201,0.7180,0.7160,0.7140,0.7119,0.7098,0.7078,0.7057,0.7036,0.7016,0.6995,0.6974,0.6953,0.6932,0.6911,0.6890,0.6869,0.6848,0.6826,0.6805,0.6784,0.6762,0.6741,0.6719,0.6698,0.6676,0.6655,0.6633,0.6611,0.6589,0.6567,0.6545,0.6523,0.6501,0.6479,0.6457,0.6435,0.6413,0.6391,0.6368,0.6346,0.6323,0.6301,0.6278,0.6256,0.6233,0.6210,0.6188,0.6165,0.6142,0.6119,0.6096,0.6073,0.6050,0.6027,0.6004,0.5981,0.5957,0.5934,0.5911,0.5887,0.5864,0.5840,0.5817,0.5793,0.5769,0.5746,0.5722,0.5698,0.5674,0.5650,0.5626,0.5602,0.5578,0.5554,0.5530,0.5506,0.5481,0.5457,0.5433,0.5408,0.5384,0.5359,0.5335,0.5310,0.5285,0.5261,0.5236,0.5211,0.5186,0.5161,0.5136,0.5111,0.5086,0.5061,0.5036,0.5011,0.4985,0.4960,0.4935,0.4909,0.4884,0.4858,0.4833,0.4807,0.4781,0.4755,0.4730,0.4704,0.4678,0.4652,0.4626,0.4600,0.4574,0.4548,0.4522,0.4495,0.4469,0.4443
-60,-1.7753,-1.6496,-1.5873,-1.5428,-1.5077,-1.4786,-1.4540,-1.4326,-1.4138,-1.3972,-1.3823,-1.3689,-1.3568,-1.3458,-1.3358,-1.3267,-1.3184,-1.3108,-1.3039,-1.2975,-1.2917,-1.2864,-1.2816,-1.2771,-1.2731,-1.2694,-1.2661,-1.2631,-1.2604,-1.2580,-1.2558,-1.2539,-1.2523,-1.2508,-1.2496,-1.2486,-1.2478,-1.2471,-1.2466,-1.2463,-1.2462,-1.2462,-1.2463,-1.2466,-1.2470,-1.2476,-1.2482,-1.2490,-1.2499,-1.2509,-1.2520,-1.2532,-1.2545,-1.2558,-1.2573,-1.2589,-1.2605,-1.2622,-1.2640,-1.2659,-1.2678,-1.2698,-1.2719,-1.2740,-1.2762,-1.2784,-1.2808,-1.2831,-1.2855,-1.2880,-1.2905,-1.2931,-1.2957,-1.2984,-1.3011,-1.3038,-1.3066,-1.3094,-1.3123,-1.3152,-1.3181,-1.3211,-1.3241,-1.3272,-1.3302,-1.3333,-1.3365,-1.3396,-1.3428,-1.3460,-1.3493,-1.3526,-1.3559,-1.3592,-1.3625,-1.3659,-1.3693,-1.3727,-1.3761,-1.3795,-1.3830,-1.3865,-1.3900,-1.3935,-1.3971,-1.4006,-1.4042,-1.4078,-1.4114,-1.4150,-1.4186,-1.4222,-1.4259,-1.4296,-1.4332,-1.4369,-1.4406,-1.4443,-1.4481,-1.4518,-1.4555,-1.4593,-1.4630,-1.4668,-1.4706,-1.4743,-1.4781,-1.4819,-1.4857,-1.4895,-1.4934,-1.4972,-1.5010,-1.5048,-1.5087,-1.5125,-1.5164,-1.5202,-1.5241,-1.5279,-1.5318,-1.5357,-1.5395,-1.5434,-1.5473,-1.5511,-1.5550,-1.5589,-1.5628,-1.5667,-1.5706,-1.5744,-1.5783,-1.5822,-1.5861,-1.5900,-1.5939,-1.5978,-1.6017,-1.6055,-1.6094,-1.6133,-1.6172,-1.6211,-1.6250,-1.6289,-1.6327,-1.6366,-1.6405,-1.6444,-1.6483,-1.6521,-1.6560,-1.6599,-1.6637,-1.6676,-1.6715,-1.6753,-1.6792,-1.6830,-1.6869,-1.6907,-1.6946,-1.6984,-1.7023,-1.7061,-1.7099,-1.7137,-1.7176,-1.7214,-1.7252,-1.7290,-1.7328,-1.7366,-1.7404,-1.7442,-1.7480,-1.7518,-1.7555,-1.7593,-1.7631,-1.7668,-1.7706,-1.7744,-1.7781,-1.7818,-1.7856,-1.7893,-1.7930,-1.7967,-1.8005,-1.8042,-1.8079,-1.8116,-1.8153,-1.8189,-1.8226,-1.8263,-1.8300,-1.8336,-1.8373,-1.8409,-1.8446,-1.8482,-1.8518,-1.8554,-1.8591,-1.8627,-1.8663,-1.8699,-1.8734,-1.8770,-1.8806,-1.8842,-1.8877,-1.8913,-1.8948,-1.8983,-1.9019,-1.9054,-1.9089,-1.9124,-1.9159,-1.9194,-1.9229,-1.9264,-1.9298,-1.9333,-1.9368,-1.9402,-1.9437,-1.9471,-1.9505,-1.9539,-1.9573,-1.9607,-1.9641,-1.9675,-1.9709,-1.9743,-1.9776,-1.9810,-1.9843,-1.9876,-1.9910,-1.9943,-1.9976,-2.0009,-2.0042,-2.0075,-2.0108,-2.0140,-2.0173,-2.0205,-2.0238,-2.0270,-2.0303,-2.0335,-2.0367,-2.0399,-2.0431,-2.0463,-2.0494,-2.0526,-2.0558,-2.0589,-2.0620,-2.0652,-2.0683,-2.0714,-2.0745,-2.0776,-2.0807,-2.0838,-2.0868,-2.0899,-2.0930,-2.0960,-2.0990,-2.1021,-2.1051,-2.1081,-2.1111,-2.1141,-2.1170,-2.1200,-2.1230,-2.1259,-2.1289,-2.1318,-2.1347,-2.1376,-2.1405,-2.1434,-2.1463,-2.1492,-2.1521,-2.1549,-2.1578,-2.1606,-2.1634,-2.1663,-2.1691,-2.1719,-2.1747,-2.1775,-2.1802,-2.1830,-2.1858,-2.1885,-2.1912,-2.1940,-2.1967,-2.1994,-2.2021,-2.2048,-2.2074,-2.2101,-2.2128,-2.2154,-2.2181,-2.2207,-2.2233,-2.2259,-2.2285,-2.2311,-2.2337,-2.2363,-2.2388,-2.2414,-2.2439,-2.2465,-2.2490,-2.2515,-2.2540,-2.2565,-2.2590,-2.2615,-2.2639,-2.2664,-2.2688,-2.2713,-2.2737,-2.2761,-2.2785,-2.2809,-2.2833,-2.2857,-2.2881,-2.2904,-2.2928,-2.2951,-2.2974,-2.2998,-2.3021,-2.3044,-2.3066,-2.3089,-2.3112,-2.3135,-2.3157,-2.3179,-2.3202,-2.3224,-2.3246,-2.3268,-2.3290,-2.3312,-2.3333,-2.3355,-2.3376,-2.3398,-2.3419,-2.3440,-2.3461,-2.3482,-2.3503,-2.3524,-2.3545,-2.3565,-2.3586,-2.3606,-2.3627,-2.3647,-2.3667,-2.3687,-2.3707,-2.3727,-2.3746,-2.3766,-2.3785,-2.3805,-2.3824,-2.3843,-2.3862,-2.3881,-2.3900,-2.3919,-2.3938,-2.3956,-2.3975,-2.3993,-2.4012,-2.4030,-2.4048,-2.4066,-2.4084,-2.4102,-2.4119,-2.4137,-2.4154,-2.4172,-2.4189,-2.4206,-2.4223,-2.4240,-2.4257,-2.4274,-2.4291,-2.4307,-2.4324,-2.4340,-2.4356,-2.4372,-2.4389,-2.4405,-2.4420,-2.4436,-2.4452,-2.4467,-2.4483,-2.4498,-2.4513,-2.4529,-2.4544,-2.4559,-2.4574,-2.4588,-2.4603,-2.4618,-2.4632,-2.4646,-2.4661,-2.4675,-2.4689,-2.4703,-2.4717,-2.4730,-2.4744,-2.4758,-2.4771,-2.4784,-2.4798,-2.4811,-2.4824,-2.4837,-2.4850,-2.4862,-2.4875,-2.4887,-2.4900,-2.4912,-2.4924,-2.4937,-2.4949,-2.4961,-2.4972,-2.4984,-2.4996,-2.5007,-2.5019,-2.5030,-2.5041,-2.5052,-2.5063,-2.5074,-2.5085,-2.5096,-2.5106,-2.5117,-2.5127,-2.5138,-2.5148,-2.5158,-2.5168,-2.5178,-2.5188,-2.5197,-2.5207,-2.5217,-2.5226,-2.5235,-2.5244,-2.5254,-2.5263,-2.5271,-2.5280,-2.5289,-2.5298,-2.5306,-2.5314,-2.5323,-2.5331,-2.5339,-2.5347,-2.5355,-2.5363,-2.5370,-2.5378,-2.5385,-2.5393,-2.5400,-2.5407,-2.5414,-2.5421,-2.5428,-2.5435,-2.5442,-2.5448,-2.5455,-2.5461,-2.5467,-2.5474,-2.5480,-2.5486,-2.5492,-2.5497,-2.5503,-2.5509,-2.5514,-2.5520,-2.5525,-2.5530,-2.5535,-2.5540,-2.5545,-2.5550,-2.5554,-2.5559,-2.5563,-2.5568,-2.5572,-2.5576,-2.5580,-2.5584,-2.5588,-2.5592,-2.5596,-2.5599,-2.5603,-2.5606,-2.5609,-2.5613,-2.5616,-2.5619,-2.5621,-2.5624,-2.5627,-2.5629,-2.5632,-2.5634,-2.5637,-2.5639,-2.5641,-2.5643,-2.5645,-2.5647,-2.5648,-2.5650,-2.5651,-2.5653,-2.5654,-2.5655,-2.5656,-2.5657,-2.5658,-2.5659,-2.5660,-2.5660,-2.5661,-2.5661,-2.5661,-2.5662,-2.5662,-2.5662,-2.5662,-2.5661,-2.5661,-2.5661,-2.5660,-2.5660,-2.5659,-2.5658,-2.5657,-2.5656,-2.5655,-2.5654,-2.5653,-2.5651,-2.5650,-2.5648,-2.5646,-2.5645,-2.5643,-2.5641,-2.5639,-2.5637,-2.5634,-2.5632,-2.5629,-2.5627,-2.5624,-2.5621,-2.5618,-2.5616,-2.5612,-2.5609,-2.5606,-2.5603,-2.5599,-2.5596,-2.5592,-2.5588,-2.5584,-2.5580,-2.5576,-2.5572,-2.5568,-2.5564,-2.5559,-2.5555,-2.5550,-2.5545,-2.5541,-2.5536,-2.5531,-2.5525,-2.5520,-2.5515,-2.5509,-2.5504,-2.5498,-2.5493,-2.5487,-2.5481,-2.5475,-2.5469,-2.5463,-2.5456,-2.5450,-2.5443,-2.5437,-2.5430,-2.5423,-2.5417,-2.5410,-2.5403,-2.5395,-2.5388,-2.5381,-2.5373,-2.5366,-2.5358,-2.5350,-2.5342,-2.5334,-2.5326,-2.5318,-2.5310,-2.5302,-2.5293,-2.5285,-2.5276,-2.5267,-2.5259,-2.5250,-2.5241,-2.5232,-2.5222,-2.5213,-2.5204,-2.5194,-2.5185,-2.5175,-2.5165,-2.5155,-2.5145,-2.5135,-2.5125,-2.5115,-2.5104,-2.5094,-2.5083,-2.5073,-2.5062,-2.5051,-2.5040,-2.5029,-2.5018,-2.5007,-2.4996,-2.4984,-2.4973,-2.4961,-2.4949,-2.4938,-2.4926,-2.4914,-2.4902,-2.4889,-2.4877,-2.4865,-2.4852,-2.4840,-2.4827,-2.4814,-2.4801,-2.4788,-2.4775,-2.4762,-2.4749,-2.4736,-2.4722,-2.4709,-2.4695,-2.4681,-2.4668,-2.4654,-2.4640,-2.4626,-2.4612,-2.4597,-2.4583,-2.4568,-2.4554,-2.4539,-2.4524,-2.4510,-2.4495,-2.4480,-2.4464,-2.4449,-2.4434,-2.4419,-2.4403,-2.4387,-2.4372,-2.4356,-2.4340,-2.4324,-2.4308,-2.4292,-2.4276,-2.4259,-2.4243,-2.4226,-2.4210,-2.4193,-2.4176,-2.4159,-2.4142,-2.4125,-2.4108,-2.4090,-2.4073,-2.4056,-2.4038,-2.4020,-2.4002,-2.3985,-2.3967,-2.3949,-2.3930,-2.3912,-2.3894,-2.3875,-2.3857,-2.3838,-2.3820,-2.3801,-2.3782,-2.3763,-2.3744,-2.3725,-2.3705,-2.3686,-2.3667,-2.3647,-2.3627,-2.3608,-2.3588,-2.3568,-2.3548,-2.3528,-2.3508,-2.3487,-2.3467,-2.3446,-2.3426,-2.3405,-2.3384,-2.3364,-2.3343,-2.3322,-2.3300,-2.3279,-2.3258,-2.3237,-2.3215,-2.3193,-2.3172,-2.3150,-2.3128,-2.3106,-2.3084,-2.3062,-2.3040,-2.3017,-2.2995,-2.2972,-2.2950,-2.2927,-2.2904,-2.2881,-2.2858,-2.2835,-2.2812,-2.2789,-2.2766,-2.2742,-2.2719,-2.2695,-2.2671,-2.2647,-2.2624,-2.2600,-2.2576,-2.2551,-2.2527,-2.2503,-2.2478,-2.2454,-2.2429,-2.2404,-2.2380,-2.2355,-2.2330,-2.2305,-2.2279,-2.2254,-2.2229,-2.2203,-2.2178,-2.2152,-2.2126,-2.2101,-2.2075,-2.2049,-2.2023,-2.1996,-2.1970,-2.1944,-2.1917,-2.1891,-2.1864,-2.1837,-2.1810,-2.1784,-2.1757,-2.1729,-2.1702,-2.1675,-2.1648,-2.1620,-2.1593,-2.1565,-2.1537,-2.1509,-2.1481,-2.1453,-2.1425,-2.1397,-2.1369,-2.1341,-2.1312,-2.1284,-2.1255,-2.1226,-2.1197,-2.1168,-2.1139,-2.1110,-2.1081,-2.1052,-2.1023,-2.0993,-2.0964,-2.0934,-2.0904,-2.0874,-2.0845,-2.0815,-2.0784,-2.0754,-2.0724,-2.0694,-2.0663,-2.0633,-2.0602,-2.0571,-2.0541,-2.0510,-2.0479,-2.0448,-2.0416,-2.0385,-2.0354,-2.0322,-2.0291,-2.0259,-2.0228,-2.0196,-2.0164,-2.0132,-2.0100,-2.0068,-2.0036,-2.0003,-1.9971,-1.9938,-1.9906,-1.9873,-1.9840,-1.9808,-1.9775,-1.9742,-1.9708,-1.9675,-1.9642,-1.9609,-1.9575,-1.9542,-1.9508,-1.9474,-1.9440,-1.9406,-1.9372,-1.9338,-1.9304,-1.9270,-1.9235,-1.9201,-1.9166,-1.9132,-1.9097,-1.9062,-1.9027,-1.8992,-1.8957,-1.8922,-1.8887,-1.8852,-1.8816,-1.8781,-1.8745,-1.8709,-1.8674,-1.8638,-1.8602,-1.8566,-1.8530,-1.8493,-1.8457,-1.8421,-1.8384,-1.8348,-1.8311,-1.8274,-1.8237,-1.8201,-1.8164,-1.8126,-1.8089,-1.8052,-1.8015,-1.7977,-1.7940,-1.7902,-1.7864,-1.7827,-1.7789,-1.7751,-1.7713,-1.7675,-1.7636,-1.7598,-1.7560,-1.7521,-1.7483,-1.7444,-1.7405,-1.7366,-1.7327,-1.7288,-1.7249,-1.7210,-1.7171,-1.7131,-1.7092,-1.7052,-1.7013,-1.6973,-1.6933,-1.6893,-1.6853,-1.6813
-60,0.4263,0.4166,0.4174,0.4211,0.4263,0.4324,0.4392,0.4464,0.4539,0.4618,0.4698,0.4781,0.4865,0.4950,0.5036,0.5123,0.5210,0.5298,0.5387,0.5476,0.5566,0.5656,0.5746,0.5836,0.5927,0.6017,0.6108,0.6199,0.6289,0.6380,0.6471,0.6562,0.6652,0.6743,0.6834,0.6924,0.7015,0.7105,0.7195,0.7285,0.7375,0.7465,0.7555,0.7644,0.7734,0.7823,0.7912,0.8001,0.8090,0.8178,0.8267,0.8355,0.8443,0.8531,0.8618,0.8706,0.8793,0.8880,0.8967,0.9054,0.9140,0.9226,0.9313,0.9398,0.9484,0.9569,0.9655,0.9740,0.9825,0.9909,0.9994,1.0078,1.0162,1.0245,1.0329,1.0412,1.0495,1.0578,1.0661,1.0743,1.0826,1.0908,1.0989,1.1071,1.1152,1.1233,1.1314,1.1395,1.1475,1.1556,1.1636,1.1716,1.1795,1.1875,1.1954,1.2033,1.2112,1.2190,1.2268,1.2347,1.2424,1.2502,1.2580,1.2657,1.2734,1.2811,1.2887,1.2964,1.3040,1.3116,1.3191,1.3267,1.3342,1.3417,1.3492,1.3567,1.3641,1.3715,1.3790,1.3863,1.3937,1.4010,1.4084,1.4156,1.4229,1.4302,1.4374,1.4446,1.4518,1.4590,1.4661,1.4733,1.4804,1.4875,1.4945,1.5016,1.5086,1.5156,1.5226,1.5296,1.5365,1.5434,1.5503,1.5572,1.5641,1.5709,1.5778,1.5846,1.5914,1.5981,1.6049,1.6116,1.6183,1.6250,1.6316,1.6383,1.6449,1.6515,1.6581,1.6646,1.6712,1.6777,1.6842,1.6907,1.6972,1.7036,1.7100,1.7164,1.7228,1.7292,1.7355,1.7419,1.7482,1.7545,1.7607,1.7670,1.7732,1.7794,1.7856,1.7918,1.7980,1.8041,1.8102,1.8163,1.8224,1.8285,1.8345,1.8405,1.8465,1.8525,1.8585,1.8644,1.8704,1.8763,1.8822,1.8880,1.8939,1.8997,1.9056,1.9114,1.9171,1.9229,1.9286,1.9344,1.9401,1.9458,1.9514,1.9571,1.9627,1.9684,1.9739,1.9795,1.9851,1.9906,1.9962,2.0017,2.0072,2.0126,2.0181,2.0235,2.0289,2.0343,2.0397,2.0451,2.0504,2.0558,2.0611,2.0664,2.0717,2.0769,2.0822,2.0874,2.0926,2.0978,2.1030,2.1081,2.1132,2.1184,2.1235,2.1286,2.1336,2.1387,2.1437,2.1487,2.1537,2.1587,2.1637,2.1686,2.1735,2.1785,2.1834,2.1882,2.1931,2.1979,2.2028,2.2076,2.2124,2.2172,2.2219,2.2267,2.2314,2.2361,2.2408,2.2455,2.2501,2.2548,2.2594,2.2640,2.2686,2.2732,2.2777,2.2823,2.2868,2.2913,2.2958,2.3003,2.3048,2.3092,2.3136,2.3181,2.3224,2.3268,2.3312,2.3355,2.3399,2.3442,2.3485,2.3528,2.3570,2.3613,2.3655,2.3697,2.3739,2.3781,2.3823,2.3864,2.3906,2.3947,2.3988,2.4029,2.4070,2.4110,2.4151,2.4191,2.4231,2.4271,2.4311,2.4351,2.4390,2.4429,2.4469,2.4508,2.4546,2.4585,2.4624,2.4662,2.4700,2.4738,2.4776,2.4814,2.4852,2.4889,2.4926,2.4964,2.5001,2.5037,2.5074,2.5111,2.5147,2.5183,2.5219,2.5255,2.5291,2.5327,2.5362,2.5397,2.5432,2.5467,2.5502,2.5537,2.5572,2.5606,2.5640,2.5674,2.5708,2.5742,2.5776,2.5809,2.5842,2.5876,2.5909,2.5942,2.5974,2.6007,2.6039,2.6072,2.6104,2.6136,2.6168,2.6199,2.6231,2.6262,2.6294,2.6325,2.6356,2.6387,2.6417,2.6448,2.6478,2.6508,2.6539,2.6569,2.6598,2.6628,2.6657,2.6687,2.6716,2.6745,2.6774,2.6803,2.6832,2.6860,2.6888,2.6917,2.6945,2.6973,2.7000,2.7028,2.7055,2.7083,2.7110,2.7137,2.7164,2.7191,2.7217,2.7244,2.7270,2.7297,2.7323,2.7349,2.7374,2.7400,2.7425,2.7451,2.7476,2.7501,2.7526,2.7551,2.7576,2.7600,2.7624,2.7649,2.7673,2.7697,2.7721,2.7744,2.7768,2.7791,2.7814,2.7838,2.7861,2.7883,2.7906,2.7929,2.7951,2.7974,2.7996,2.8018,2.8040,2.8061,2.8083,2.8104,2.8126,2.8147,2.8168,2.8189,2.8210,2.8230,2.8251,2.8271,2.8292,2.8312,2.8332,2.8352,2.8371,2.8391,2.8410,2.8430,2.8449,2.8468,2.8487,2.8505,2.8524,2.8543,2.8561,2.8579,2.8597,2.8615,2.8633,2.8651,2.8668,2.8686,2.8703,2.8720,2.8737,2.8754,2.8771,2.8788,2.8804,2.8821,2.8837,2.8853,2.8869,2.8885,2.8900,2.8916,2.8931,2.8947,2.8962,2.8977,2.8992,2.9007,2.9021,2.9036,2.9050,2.9065,2.9079,2.9093,2.9107,2.9120,2.9134,2.9148,2.9161,2.9174,2.9187,2.9200,2.9213,2.9226,2.9239,2.9251,2.9263,2.9276,2.9288,2.9300,2.9311,2.9323,2.9335,2.9346,2.9357,2.9369,2.9380,2.9391,2.9401,2.9412,2.9423,2.9433,2.9443,2.9454,2.9464,2.9474,2.9483,2.9493,2.9503,2.9512,2.9521,2.9530,2.9540,2.9548,2.9557,2.9566,2.9574,2.9583,2.9591,2.9599,2.9607,2.9615,2.9623,2.9631,2.9638,2.9646,2.9653,2.9660,2.9667,2.9674,2.9681,2.9688,2.9694,2.9701,2.9707,2.9713,2.9719,2.9725,2.9731,2.9737,2.9742,2.9748,2.9753,2.9758,2.9763,2.9768,2.9773,2.9778,2.9782,2.9787,2.9791,2.9795,2.9800,2.9804,2.9807,2.9811,2.9815,2.9818,2.9822,2.9825,2.9828,2.9831,2.9834,2.9837,2.9839,2.9842,2.9844,2.9847,2.9849,2.9851,2.9853,2.9855,2.9856,2.9858,2.9859,2.9861,2.9862,2.9863,2.9864,2.9865,2.9866,2.9866,2.9867,2.9867,2.9867,2.9868,2.9868,2.9867,2.9867,2.9867,2.9866,2.9866,2.9865,2.9864,2.9864,2.9863,2.9861,2.9860,2.9859,2.9857,2.9856,2.9854,2.9852,2.9850,2.9848,2.9846,2.9843,2.9841,2.9838,2.9836,2.9833,2.9830,2.9827,2.9824,2.9821,2.9817,2.9814,2.9810,2.9807,2.9803,2.9799,2.9795,2.9791,2.9786,2.9782,2.9777,2.9773,2.9768,2.9763,2.9758,2.9753,2.9748,2.9743,2.9737,2.9732,2.9726,2.9720,2.9714,2.9708,2.9702,2.9696,2.9690,2.9683,2.9677,2.9670,2.9663,2.9656,2.9649,2.9642,2.9635,2.9627,2.9620,2.9612,2.9605,2.9597,2.9589,2.9581,2.9573,2.9564,2.9556,2.9547,2.9539,2.9530,2.9521,2.9512,2.9503,2.9494,2.9485,2.9476,2.9466,2.9456,2.9447,2.9437,2.9427,2.9417,2.9407,2.9396,2.9386,2.9375,2.9365,2.9354,2.9343,2.9332,2.9321,2.9310,2.9299,2.9288,2.9276,2.9264,2.9253,2.9241,2.9229,2.9217,2.9205,2.9192,2.9180,2.9168,2.9155,2.9142,2.9129,2.9117,2.9104,2.9090,2.9077,2.9064,2.9050,2.9037,2.9023,2.9009,2.8995,2.8981,2.8967,2.8953,2.8939,2.8924,2.8910,2.8895,2.8880,2.8865,2.8850,2.8835,2.8820,2.8805,2.8789,2.8774,2.8758,2.8742,2.8727,2.8711,2.8695,2.8678,2.8662,2.8646,2.8629,2.8613,2.8596,2.8579,2.8562,2.8545,2.8528,2.8511,2.8493,2.8476,2.8458,2.8441,2.8423,2.8405,2.8387,2.8369,2.8351,2.8332,2.8314,2.8296,2.8277,2.8258,2.8239,2.8220,2.8201,2.8182,2.8163,2.8144,2.8124,2.8105,2.8085,2.8065,2.8045,2.8025,2.8005,2.7985,2.7965,2.7944,2.7924,2.7903,2.7882,2.7862,2.7841,2.7820,2.7798,2.7777,2.7756,2.7734,2.7713,2.7691,2.7669,2.7647,2.7626,2.7603,2.7581,2.7559,2.7537,2.7514,2.7491,2.7469,2.7446,2.7423,2.7400,2.7377,2.7354,2.7330,2.7307,2.7283,2.7260,2.7236,2.7212,2.7188,2.7164,2.7140,2.7116,2.7092,2.7067,2.7043,2.7018,2.6993,2.6968,2.6943,2.6918,2.6893,2.6868,2.6842,2.6817,2.6791,2.6766,2.6740,2.6714,2.6688,2.6662,2.6636,2.6610,2.6583,2.6557,2.6530,2.6503,2.6477,2.6450,2.6423,2.6396,2.6368,2.6341,2.6314,2.6286,2.6259,2.6231,2.6203,2.6175,2.6147,2.6119,2.6091,2.6063,2.6034,2.6006,2.5977,2.5948,2.5920,2.5891,2.5862,2.5833,2.5803,2.5774,2.5745,2.5715,2.5686,2.5656,2.5626,2.5596,2.5566,2.5536,2.5506,2.5476,2.5445,2.5415,2.5384,2.5354,2.5323,2.5292,2.5261,2.5230,2.5199,2.5167,2.5136,2.5104,2.5073,2.5041,2.5009,2.4978,2.4946,2.4913,2.4881,2.4849,2.4817,2.4784,2.4752,2.4719,2.4686,2.4653,2.4620,2.4587,2.4554,2.4521,2.4488,2.4454,2.4421,2.4387,2.4353,2.4319,2.4285,2.4251,2.4217,2.4183,2.4149,2.4114,2.4080,2.4045,2.4011,2.3976,2.3941,2.3906,2.3871,2.3836,2.3800,2.3765,2.3729,2.3694,2.3658,2.3622,2.3587,2.3551,2.3515,2.3478,2.3442,2.3406,2.3369,2.3333,2.3296,2.3259,2.3223,2.3186,2.3149,2.3112,2.3074,2.3037,2.3000,2.2962,2.2924,2.2887,2.2849,2.2811,2.2773,2.2735,2.2697,2.2659,2.2620,2.2582,2.2543,2.2505,2.2466,2.2427,2.2388,2.2349,2.2310,2.2271,2.2232,2.2192,2.2153,2.2113,2.2073,2.2034,2.1994,2.1954,2.1914,2.1874,2.1833,2.1793,2.1753,2.1712,2.1671,2.1631,2.1590,2.1549,2.1508,2.1467,2.1426,2.1384,2.1343,2.1302,2.1260,2.1218,2.1177,2.1135,2.1093,2.1051,2.1009,2.0966,2.0924,2.0882,2.0839,2.0797,2.0754,2.0711,2.0668,2.0625,2.0582,2.0539,2.0496,2.0453,2.0409,2.0366,2.0322,2.0278,2.0234,2.0191,2.0147,2.0103,2.0058,2.0014,1.9970,1.9925,1.9881,1.9836,1.9791,1.9747,1.9702,1.9657
-60,6.4925,6.7967,6.9591,7.0817,7.1830,7.2705,7.3481,7.4181,7.4822,7.5414,7.5965,7.6482,7.6968,7.7427,7.7863,7.8278,7.8674,7.9053,7.9416,7.9765,8.0101,8.0424,8.0736,8.1038,8.1330,8.1613,8.1887,8.2153,8.2411,8.2662,8.2907,8.3144,8.3376,8.3602,8.3822,8.4036,8.4246,8.4451,8.4651,8.4846,8.5037,8.5224,8.5408,8.5587,8.5762,8.5934,8.6103,8.6268,8.6430,8.6589,8.6745,8.6898,8.7049,8.7196,8.7341,8.7484,8.7623,8.7761,8.7896,8.8029,8.8159,8.8288,8.8414,8.8539,8.8661,8.8781,8.8900,8.9017,8.9131,8.9245,8.9356,8.9466,8.9574,8.9680,8.9785,8.9889,8.9991,9.0091,9.0190,9.0288,9.0384,9.0479,9.0573,9.0665,9.0756,9.0846,9.0935,9.1022,9.1109,9.1194,9.1278,9.1361,9.1443,9.1524,9.1604,9.1682,9.1760,9.1837,9.1913,9.1988,9.2062,9.2135,9.2207,9.2279,9.2349,9.2419,9.2488,9.2556,9.2623,9.2689,9.2755,9.2820,9.2884,9.2947,9.3010,9.3072,9.3133,9.3193,9.3253,9.3312,9.3371,9.3428,9.3486,9.3542,9.3598,9.3653,9.3708,9.3762,9.3815,9.3868,9.3921,9.3972,9.4024,9.4074,9.4124,9.4174,9.4223,9.4271,9.4319,9.4367,9.4414,9.4460,9.4506,9.4552,9.4597,9.4641,9.4685,9.4729,9.4772,9.4815,9.4857,9.4899,9.4941,9.4982,9.5023,9.5063,9.5103,9.5142,9.5181,9.5220,9.5258,9.5296,9.5333,9.5371,9.5407,9.5444,9.5480,9.5515,9.5551,9.5586,9.5620,9.5655,9.5689,9.5722,9.5756,9.5789,9.5821,9.5854,9.5886,9.5918,9.5949,9.5980,9.6011,9.6042,9.6072,9.6102,9.6132,9.6161,9.6190,9.6219,9.6248,9.6276,9.6304,9.6332,9.6360,9.6387,9.6414,9.6441,9.6467,9.6494,9.6520,9.6546,9.6571,9.6597,9.6622,9.6647,9.6671,9.6696,9.6720,9.6744,9.6768,9.6791,9.6815,9.6838,9.6861,9.6884,9.6906,9.6929,9.6951,9.6973,9.6994,9.7016,9.7037,9.7059,9.7080,9.7100,9.7121,9.7141,9.7162,9.7182,9.7202,9.7221,9.7241,9.7260,9.7280,9.7299,9.7318,9.7336,9.7355,9.7373,9.7392,9.7410,9.7428,9.7445,9.7463,9.7481,9.7498,9.7515,9.7532,9.7549,9.7566,9.7582,9.7599,9.7615,9.7631,9.7647,9.7663,9.7679,9.7695,9.7710,9.7726,9.7741,9.7756,9.7771,9.7786,9.7801,9.7816,9.7830,9.7845,9.7859,9.7873,9.7887,9.7901,9.7915,9.7929,9.7942,9.7956,9.7969,9.7982,9.7996,9.8009,9.8022,9.8035,9.8047,9.8060,9.8073,9.8085,9.8097,9.8110,9.8122,9.8134,9.8146,9.8158,9.8170,9.8181,9.8193,9.8204,9.8216,9.8227,9.8239,9.8250,9.8261,9.8272,9.8283,9.8294,9.8304,9.8315,9.8326,9.8336,9.8347,9.8357,9.8367,9.8377,9.8388,9.8398,9.8408,9.8418,9.8427,9.8437,9.8447,9.8457,9.8466,9.8476,9.8485,9.8494,9.8504,9.8513,9.8522,9.8531,9.8540,9.8549,9.8558,9.8567,9.8576,9.8585,9.8593,9.8602,9.8610,9.8619,9.8627,9.8636,9.8644,9.8652,9.8661,9.8669,9.8677,9.8685,9.8693,9.8701,9.8709,9.8717,9.8724,9.8732,9.8740,9.8748,9.8755,9.8763,9.8770,9.8778,9.8785,9.8793,9.8800,9.8807,9.8814,9.8822,9.8829,9.8836,9.8843,9.8850,9.8857,9.8864,9.8871,9.8878,9.8885,9.8892,9.8898,9.8905,9.8912,9.8919,9.8925,9.8932,9.8938,9.8945,9.8951,9.8958,9.8964,9.8971,9.8977,9.8983,9.8990,9.8996,9.9002,9.9008,9.9015,9.9021,9.9027,9.9033,9.9039,9.9045,9.9051,9.9057,9.9063,9.9069,9.9075,9.9081,9.9087,9.9093,9.9098,9.9104,9.9110,9.9116,9.9121,9.9127,9.9133,9.9138,9.9144,9.9150,9.9155,9.9161,9.9166,9.9172,9.9178,9.9183,9.9189,9.9194,9.9199,9.9205,9.9210,9.9216,9.9221,9.9226,9.9232,9.9237,9.9242,9.9248,9.9253,9.9258,9.9264,9.9269,9.9274,9.9279,9.9285,9.9290,9.9295,9.9300,9.9305,9.9311,9.9316,9.9321,9.9326,9.9331,9.9336,9.9341,9.9346,9.9351,9.9357,9.9362,9.9367,9.9372,9.9377,9.9382,9.9387,9.9392,9.9397,9.9402,9.9407,9.9412,9.9417,9.9422,9.9427,9.9432,9.9437,9.9442,9.9447,9.9452,9.9457,9.9462,9.9467,9.9472,9.9476,9.9481,9.9486,9.9491,9.9496,9.9501,9.9506,9.9511,9.9516,9.9521,9.9526,9.9531,9.9536,9.9541,9.9546,9.9551,9.9556,9.9560,9.9565,9.9570,9.9575,9.9580,9.9585,9.9590,9.9595,9.9600,9.9605,9.9610,9.9615,9.9620,9.9625,9.9630,9.9635,9.9640,9.9645,9.9650,9.9655,9.9660,9.9665,9.9670,9.9675,9.9680,9.9685,9.9690,9.9695,9.9700,9.9705,9.9710,9.9715,9.9721,9.9726,9.9731,9.9736,9.9741,9.9746,9.9751,9.9756,9.9762,9.9767,9.9772,9.9777,9.9782,9.9787,9.9793,9.9798,9.9803,9.9808,9.9814,9.9819,9.9824,9.9829,9.9835,9.9840,9.9845,9.9851,9.9856,9.9861,9.9867,9.9872,9.9878,9.9883,9.9888,9.9894,9.9899,9.9905,9.9910,9.9916,9.9921,9.9927,9.9932,9.9938,9.9943,9.9949,9.9954,9.9960,9.9965,9.9971,9.9977,9.9982,9.9988,9.9994,9.9999,10.0005,10.0011,10.0017,10.0022,10.0028,10.0034,10.0040,10.0045,10.0051,10.0057,10.0063,10.0069,10.0075,10.0081,10.0087,10.0093,10.0099,10.0105,10.0111,10.0117,10.0123,10.0129,10.0135,10.0141,10.0147,10.0153,10.0159,10.0165,10.0172,10.0178,10.0184,10.0190,10.0197,10.0203,10.0209,10.0215,10.0222,10.0228,10.0234,10.0241,10.0247,10.0254,10.0260,10.0267,10.0273,10.0280,10.0286,10.0293,10.0299,10.0306,10.0313,10.0319,10.0326,10.0333,10.0339,10.0346,10.0353,10.0359,10.0366,10.0373,10.0380,10.0387,10.0394,10.0401,10.0407,10.0414,10.0421,10.0428,10.0435,10.0442,10.0449,10.0457,10.0464,10.0471,10.0478,10.0485,10.0492,10.0500,10.0507,10.0514,10.0521,10.0529,10.0536,10.0543,10.0551,10.0558,10.0566,10.0573,10.0581,10.0588,10.0596,10.0603,10.0611,10.0618,10.0626,10.0634,10.0641,10.0649,10.0657,10.0664,10.0672,10.0680,10.0688,10.0696,10.0704,10.0712,10.0719,10.0727,10.0735,10.0743,10.0751,10.0760,10.0768,10.0776,10.0784,10.0792,10.0800,10.0809,10.0817,10.0825,10.0833,10.0842,10.0850,10.0858,10.0867,10.0875,10.0884,10.0892,10.0901,10.0909,10.0918,10.0926,10.0935,10.0944,10.0952,10.0961,10.0970,10.0979,10.0987,10.0996,10.1005,10.1014,10.1023,10.1032,10.1041,10.1050,10.1059,10.1068,10.1077,10.1086,10.1095,10.1104,10.1114,10.1123,10.1132,10.1141,10.1151,10.1160,10.1169,10.1179,10.1188,10.1198,10.1207,10.1217,10.1226,10.1236,10.1245,10.1255,10.1265,10.1274,10.1284,10.1294,10.1304,10.1313,10.1323,10.1333,10.1343,10.1353,10.1363,10.1373,10.1383,10.1393,10.1403,10.1413,10.1423,10.1433,10.1444,10.1454,10.1464,10.1474,10.1485,10.1495,10.1505,10.1516,10.1526,10.1537,10.1547,10.1558,10.1568,10.1579,10.1590,10.1600,10.1611,10.1622,10.1633,10.1643,10.1654,10.1665,10.1676,10.1687,10.1698,10.1709,10.1720,10.1731,10.1742,10.1753,10.1764,10.1775,10.1787,10.1798,10.1809,10.1820,10.1832,10.1843,10.1855,10.1866,10.1877,10.1889,10.1900,10.1912,10.1924,10.1935,10.1947,10.1959,10.1970,10.1982,10.1994,10.2006,10.2018,10.2030,10.2041,10.2053,10.2065,10.2077,10.2089,10.2102,10.2114,10.2126,10.2138,10.2150,10.2163,10.2175,10.2187,10.2200,10.2212,10.2224,10.2237,10.2249,10.2262,10.2274,10.2287,10.2300,10.2312,10.2325,10.2338,10.2350,10.2363,10.2376,10.2389,10.2402,10.2415,10.2428,10.2441,10.2454,10.2467,10.2480,10.2493,10.2506,10.2520,10.2533,10.2546,10.2559,10.2573,10.2586,10.2600,10.2613,10.2626,10.2640,10.2654,10.2667,10.2681,10.2694,10.2708,10.2722,10.2736,10.2749,10.2763,10.2777,10.2791,10.2805,10.2819,10.2833,10.2847,10.2861,10.2875,10.2889,10.2904,10.2918,10.2932,10.2946,10.2961,10.2975,10.2989,10.3004,10.3018,10.3033,10.3047,10.3062,10.3077,10.3091,10.3106,10.3121,10.3135,10.3150,10.3165,10.3180,10.3195,10.3210,10.3225,10.3240,10.3255,10.3270,10.3285,10.3300,10.3315,10.3331,10.3346,10.3361,10.3376,10.3392,10.3407,10.3423,10.3438,10.3454,10.3469,10.3485,10.3500,10.3516,10.3532,10.3547,10.3563,10.3579,10.3595,10.3611,10.3627,10.3643,10.3659,10.3675,10.3691,10.3707,10.3723,10.3739,10.3755,10.3772,10.3788,10.3804,10.3820,10.3837,10.3853,10.3870,10.3886,10.3903,10.3919,10.3936,10.3953,10.3969,10.3986,10.4003,10.4020,10.4036,10.4053,10.4070,10.4087,10.4104,10.4121,10.4138,10.4155,10.4172,10.4190,10.4207,10.4224,10.4241,10.4259,10.4276,10.4293,10.4311,10.4328,10.4346,10.4363,10.4381,10.4399,10.4416,10.4434,10.4452,10.4469,10.4487,10.4505,10.4523,10.4541,10.4559,10.4577,10.4595,10.4613,10.4631,10.4649,10.4667,10.4686,10.4704,10.4722,10.4741,10.4759,10.4777,10.4796,10.4814,10.4833,10.4851,10.4870,10.4889,10.4907,10.4926,10.4945,10.4964,10.4982,10.5001,10.5020,10.5039,10.5058,10.5077,10.5096,10.5115,10.5134,10.5154,10.5173,10.5192,10.5211,10.5231,10.5250,10.5269,10.5289,10.5308,10.5328,10.5347,10.5367,10.5387,10.5406
-60,8.4056,8.4140,8.4324,8.4535,8.4758,8.4989,8.5225,8.5463,8.5704,8.5947,8.6190,8.6435,8.6679,8.6924,8.7169,8.7414,8.7659,8.7904,8.8148,8.8392,8.8635,8.8878,8.9121,8.9363,8.9605,8.9845,9.0086,9.0326,9.0565,9.0803,9.1041,9.1278,9.1515,9.1751,9.1986,9.2221,9.2455,9.2688,9.2921,9.3153,9.3385,9.3615,9.3845,9.4075,9.4303,9.4531,9.4759,9.4986,9.5212,9.5437,9.5662,9.5886,9.6110,9.6332,9.6555,9.6776,9.6997,9.7217,9.7437,9.7656,9.7874,9.8092,9.8309,9.8525,9.8741,9.8956,9.9171,9.9385,9.9598,9.9811,10.0023,10.0234,10.0445,10.0655,10.0865,10.1074,10.1282,10.1490,10.1697,10.1904,10.2110,10.2316,10.2521,10.2725,10.2929,10.3132,10.3334,10.3536,10.3738,10.3938,10.4139,10.4338,10.4537,10.4736,10.4934,10.5131,10.5328,10.5525,10.5720,10.5916,10.6110,10.6304,10.6498,10.6691,10.6883,10.7075,10.7267,10.7457,10.7648,10.7838,10.8027,10.8216,10.8404,10.8591,10.8778,10.8965,10.9151,10.9337,10.9522,10.9706,10.9890,11.0074,11.0257,11.0439,11.0621,11.0803,11.0984,11.1164,11.1344,11.1523,11.1702,11.1881,11.2059,11.2236,11.2413,11.2589,11.2765,11.2941,11.3116,11.3290,11.3464,11.3638,11.3811,11.3983,11.4155,11.4327,11.4498,11.4669,11.4839,11.5009,11.5178,11.5347,11.5515,11.5683,11.5850,11.6017,11.6183,11.6349,11.6514,11.6679,11.6844,11.7008,11.7172,11.7335,11.7498,11.7660,11.7822,11.7983,11.8144,11.8304,11.8464,11.8624,11.8783,11.8941,11.9100,11.9257,11.9415,11.9572,11.9728,11.9884,12.0040,12.0195,12.0349,12.0504,12.0657,12.0811,12.0964,12.1116,12.1268,12.1420,12.1571,12.1722,12.1872,12.2022,12.2172,12.2321,12.2469,12.2618,12.2765,12.2913,12.3060,12.3206,12.3352,12.3498,12.3643,12.3788,12.3933,12.4077,12.4220,12.4364,12.4506,12.4649,12.4791,12.4932,12.5074,12.5214,12.5355,12.5495,12.5634,12.5773,12.5912,12.6050,12.6188,12.6326,12.6463,12.6600,12.6736,12.6872,12.7007,12.7143,12.7277,12.7412,12.7546,12.7679,12.7812,12.7945,12.8078,12.8210,12.8341,12.8472,12.8603,12.8734,12.8864,12.8993,12.9123,12.9252,12.9380,12.9508,12.9636,12.9763,12.9890,13.0017,13.0143,13.0269,13.0395,13.0520,13.0644,13.0769,13.0893,13.1016,13.1140,13.1262,13.1385,13.1507,13.1629,13.1750,13.1871,13.1992,13.2112,13.2232,13.2351,13.2470,13.2589,13.2708,13.2826,13.2943,13.3061,13.3178,13.3294,13.3410,13.3526,13.3642,13.3757,13.3872,13.3986,13.4100,13.4214,13.4327,13.4440,13.4553,13.4665,13.4777,13.4888,13.5000,13.5110,13.5221,13.5331,13.5441,13.5550,13.5659,13.5768,13.5876,13.5984,13.6092,13.6199,13.6306,13.6413,13.6519,13.6625,13.6731,13.6836,13.6941,13.7045,13.7150,13.7254,13.7357,13.7460,13.7563,13.7666,13.7768,13.7870,13.7971,13.8072,13.8173,13.8273,13.8373,13.8473,13.8573,13.8672,13.8771,13.8869,13.8967,13.9065,13.9162,13.9259,13.9356,13.9452,13.9549,13.9644,13.9740,13.9835,13.9930,14.0024,14.0118,14.0212,14.0305,14.0398,14.0491,14.0584,14.0676,14.0767,14.0859,14.0950,14.1041,14.1131,14.1222,14.1311,14.1401,14.1490,14.1579,14.1667,14.1756,14.1844,14.1931,14.2018,14.2105,14.2192,14.2278,14.2364,14.2450,14.2535,14.2620,14.2705,14.2789,14.2873,14.2957,14.3041,14.3124,14.3206,14.3289,14.3371,14.3453,14.3534,14.3616,14.3697,14.3777,14.3857,14.3937,14.4017,14.4096,14.4175,14.4254,14.4333,14.4411,14.4488,14.4566,14.4643,14.4720,14.4797,14.4873,14.4949,14.5024,14.5100,14.5175,14.5249,14.5324,14.5398,14.5472,14.5545,14.5618,14.5691,14.5764,14.5836,14.5908,14.5980,14.6051,14.6122,14.6193,14.6263,14.6334,14.6403,14.6473,14.6542,14.6611,14.6680,14.6748,14.6816,14.6884,14.6951,14.7019,14.7085,14.7152,14.7218,14.7284,14.7350,14.7415,14.7480,14.7545,14.7610,14.7674,14.7738,14.7801,14.7865,14.7928,14.7991,14.8053,14.8115,14.8177,14.8239,14.8300,14.8361,14.8422,14.8482,14.8542,14.8602,14.8661,14.8721,14.8780,14.8838,14.8897,14.8955,14.9012,14.9070,14.9127,14.9184,14.9241,14.9297,14.9353,14.9409,14.9465,14.9520,14.9575,14.9629,14.9684,14.9738,14.9792,14.9845,14.9898,14.9951,15.0004,15.0056,15.0108,15.0160,15.0212,15.0263,15.0314,15.0365,15.0415,15.0465,15.0515,15.0565,15.0614,15.0663,15.0712,15.0760,15.0808,15.0856,15.0904,15.0951,15.0998,15.1045,15.1092,15.1138,15.1184,15.1229,15.1275,15.1320,15.1365,15.1409,15.1454,15.1498,15.1541,15.1585,15.1628,15.1671,15.1714,15.1756,15.1798,15.1840,15.1882,15.1923,15.1964,15.2005,15.2045,15.2085,15.2125,15.2165,15.2204,15.2244,15.2282,15.2321,15.2359,15.2397,15.2435,15.2473,15.2510,15.2547,15.2584,15.2620,15.2656,15.2692,15.2728,15.2763,15.2798,15.2833,15.2868,15.2902,15.2936,15.2970,15.3003,15.3037,15.3070,15.3102,15.3135,15.3167,15.3199,15.3231,15.3262,15.3293,15.3324,15.3355,15.3385,15.3415,15.3445,15.3474,15.3504,15.3533,15.3562,15.3590,15.3618,15.3646,15.3674,15.3702,15.3729,15.3756,15.3782,15.3809,15.3835,15.3861,15.3887,15.3912,15.3937,15.3962,15.3987,15.4011,15.4035,15.4059,15.4083,15.4106,15.4129,15.4152,15.4175,15.4197,15.4219,15.4241,15.4262,15.4284,15.4305,15.4325,15.4346,15.4366,15.4386,15.4406,15.4426,15.4445,15.4464,15.4483,15.4501,15.4519,15.4537,15.4555,15.4573,15.4590,15.4607,15.4624,15.4640,15.4656,15.4672,15.4688,15.4704,15.4719,15.4734,15.4749,15.4763,15.4777,15.4791,15.4805,15.4819,15.4832,15.4845,15.4858,15.4870,15.4882,15.4894,15.4906,15.4918,15.4929,15.4940,15.4951,15.4961,15.4971,15.4981,15.4991,15.5001,15.5010,15.5019,15.5028,15.5037,15.5045,15.5053,15.5061,15.5068,15.5076,15.5083,15.5090,15.5096,15.5103,15.5109,15.5115,15.5120,15.5126,15.5131,15.5136,15.5140,15.5145,15.5149,15.5153,15.5156,15.5160,15.5163,15.5166,15.5169,15.5171,15.5174,15.5176,15.5177,15.5179,15.5180,15.5181,15.5182,15.5183,15.5183,15.5183,15.5183,15.5183,15.5183,15.5183,15.5183,15.5183,15.5183,15.5183,15.5183,15.5183,15.5183,15.5183,15.5183,15.5183,15.5183,15.5183,15.5183,15.5183,15.5183,15.5183,15.5183,15.5183,15.5183,15.5183,15.5183,15.5183,15.5183,15.5183,15.5183,15.5183,15.5183,15.5183,15.5183,15.5183,15.5183,15.5183,15.5183,15.5183,15.5183,15.5183,15.5183,15.5183,15.5183,15.5183,15.5183,15.5183,15.5183,15.5183,15.5183,15.5183,15.5183,15.5183,15.5183,15.5183,15.5183,15.5183,15.5183,15.5183,15.5183,15.5183,15.5183,15.5183,15.5183,15.5183,15.5183,15.5183,15.5183,15.5183,15.5183,15.5183,15.5183,15.5183,15.5183,15.5183,15.5183,15.5183,15.5183,15.5183,15.5183,15.5183,15.5183,15.5183,15.5183,15.5183,15.5183,15.5183,15.5183,15.5183,15.5183,15.5183,15.5183,15.5183,15.5183,15.5183,15.5183,15.5183,15.5183,15.5183,15.5183,15.5183,15.5183,15.5183,15.5183,15.5183,15.5183,15.5183,15.5183,15.5183,15.5183,15.5183,15.5183,15.5183,15.5183,15.5183,15.5183,15.5183,15.5183,15.5183,15.5183,15.5183,15.5183,15.5183,15.5183,15.5183,15.5183,15.5183,15.5183,15.5183,15.5183,15.5183,15.5183,15.5183,15.5183,15.5183,15.5183,15.5183,15.5183,15.5183,15.5183,15.5183,15.5183,15.5183,15.5183,15.5183,15.5183,15.5183,15.5183,15.5183,15.5183,15.5183,15.5183,15.5183,15.5183,15.5183,15.5183,15.5183,15.5183,15.5183,15.5183,15.5183,15.5183,15.5183,15.5183,15.5183,15.5183,15.5183,15.5183,15.5183,15.5183,15.5183,15.5183,15.5183,15.5183,15.5183,15.5183,15.5183,15.5183,15.5183,15.5183,15.5183,15.5183,15.5183,15.5183,15.5183,15.5183,15.5183,15.5183,15.5183,15.5183,15.5183,15.5183,15.5183,15.5183,15.5183,15.5183,15.5183,15.5183,15.5183,15.5183,15.5183,15.5183,15.5183,15.5183,15.5183,15.5183,15.5183,15.5183,15.5183,15.5183,15.5183,15.5183,15.5183,15.5183,15.5183,15.5183,15.5183,15.5183,15.5183,15.5183,15.5183,15.5183,15.5183,15.5183,15.5183,15.5183,15.5183,15.5183,15.5183,15.5183,15.5183,15.5183,15.5183,15.5183,15.5183,15.5183,15.5183,15.5183,15.5183,15.5183,15.5183,15.5183,15.5183,15.5183,15.5183,15.5183,15.5183,15.5183,15.5183,15.5183,15.5183,15.5183,15.5183,15.5183,15.5183,15.5183,15.5183,15.5183,15.5183,15.5183,15.5183,15.5183,15.5183,15.5183,15.5183,15.5183,15.5183,15.5183,15.5183,15.5183,15.5183,15.5183,15.5183,15.5183,15.5183,15.5183,15.5183,15.5183,15.5183,15.5183,15.5183,15.5183,15.5183,15.5183,15.5183,15.5183,15.5183,15.5183,15.5183,15.5183,15.5183,15.5183,15.5183,15.5183,15.5183,15.5183,15.5183,15.5183,15.5183,15.5183,15.5183,15.5183,15.5183,15.5183,15.5183,15.5183,15.5183,15.5183,15.5183,15.5183,15.5183,15.5183,15.5183,15.5183,15.5183,15.5183,15.5183,15.5183,15.5183,15.5183,15.5183,15.5183,15.5183,15.5183,15.5183,15.5183,15.5183,15.5183,15.5183,15.5183,15.5183,15.5183,15.5183,15.5183,15.5183,15.5183,15.5183,15.5183,15.5183,15.5183,15.5183,15.5183,15.5183,15.5183,15.5183,15.5183,15.5183,15.5183,15.5183,15.5183,15.5183,15.5183,15.5183,15.5183
-60,4.3386,4.1596,4.0663,3.9969,3.9403,3.8919,3.8496,3.8117,3.7773,3.7459,3.7169,3.6900,3.6649,3.6413,3.6192,3.5982,3.5784,3.5596,3.5417,3.5246,3.5084,3.4928,3.4778,3.4635,3.4498,3.4365,3.4238,3.4115,3.3997,3.3883,3.3773,3.3667,3.3564,3.3464,3.3368,3.3274,3.3184,3.3096,3.3011,3.2929,3.2848,3.2770,3.2695,3.2621,3.2550,3.2480,3.2413,3.2347,3.2283,3.2220,3.2160,3.2100,3.2043,3.1987,3.1932,3.1879,3.1827,3.1776,3.1726,3.1678,3.1631,3.1585,3.1540,3.1497,3.1454,3.1412,3.1372,3.1332,3.1293,3.1255,3.1218,3.1182,3.1147,3.1112,3.1079,3.1046,3.1014,3.0982,3.0952,3.0922,3.0892,3.0864,3.0836,3.0809,3.0782,3.0756,3.0730,3.0706,3.0681,3.0657,3.0634,3.0612,3.0589,3.0568,3.0547,3.0526,3.0506,3.0486,3.0467,3.0448,3.0429,3.0411,3.0394,3.0377,3.0360,3.0344,3.0328,3.0312,3.0297,3.0282,3.0267,3.0253,3.0239,3.0226,3.0213,3.0200,3.0187,3.0175,3.0163,3.0152,3.0140,3.0129,3.0119,3.0108,3.0098,3.0088,3.0078,3.0069,3.0060,3.0051,3.0042,3.0033,3.0025,3.0017,3.0009,3.0002,3.0000,3.0000,3.0000,3.0000,3.0000,3.0000,3.0000,3.0000,3.0000,3.0000,3.0000,3.0000,3.0000,3.0000,3.0000,3.0000,3.0000,3.0000,3.0000,3.0000,3.0000,3.0000,3.0000,3.0000,3.0000,3.0000,3.0000,3.0000,3.0000,3.0000,3.0000,3.0000,3.0000,3.0000,3.0000,3.0000,3.0000,3.0000,3.0000,3.0000,3.0000,3.0000,3.0000,3.0000,3.0000,3.0000,3.0000,3.0000,3.0000,3.0000,3.0000,3.0000,3.0000,3.0000,3.0000,3.0000,3.0000,3.0000,3.0000,3.0000,3.0000,3.0000,3.0000,3.0000,3.0000,3.0000,3.0000,3.0000,3.0000,3.0000,3.0000,3.0000,3.0000,3.0000,3.0000,3.0000,3.0000,3.0000,3.0000,3.0000,3.0000,3.0000,3.0000,3.0000,3.0000,3.0000,3.0000,3.0000,3.0000,3.0000,3.0000,3.0000,3.0000,3.0000,3.0000,3.0000,3.0000,3.0000,3.0000,3.0000,3.0000,3.0000,3.0000,3.0000,3.0000,3.0000,3.0000,3.0000,3.0000,3.0000,3.0000,3.0000,3.0000,3.0000,3.0000,3.0000,3.0000,3.0000,3.0000,3.0000,3.0000,3.0000,3.0000,3.0000,3.0000,3.0000,3.0000,3.0000,3.0000,3.0000,3.0000,3.0000,3.0000,3.0000,3.0000,3.0000,3.0000,3.0000,3.0000,3.0000,3.0000,3.0000,3.0000,3.0000,3.0000,3.0000,3.0000,3.0000,3.0000,3.0000,3.0000,3.0000,3.0000,3.0000,3.0000,3.0000,3.0000,3.0000,3.0000,3.0000,3.0000,3.0000,3.0000,3.0000,3.0000,3.0000,3.0000,3.0000,3.0000,3.0001,3.0003,3.0004,3.0006,3.0007,3.0009,3.0010,3.0012,3.0013,3.0014,3.0016,3.0017,3.0018,3.0019,3.0020,3.0022,3.0023,3.0024,3.0025,3.0026,3.0027,3.0028,3.0029,3.0030,3.0031,3.0032,3.0033,3.0034,3.0034,3.0035,3.0036,3.0037,3.0037,3.0038,3.0039,3.0039,3.0040,3.0040,3.0041,3.0041,3.0042,3.0042,3.0042,3.0043,3.0043,3.0043,3.0043,3.0044,3.0044,3.0044,3.0044,3.0044,3.0044,3.0044,3.0044,3.0044,3.0043,3.0043,3.0043,3.0043,3.0042,3.0042,3.0042,3.0041,3.0041,3.0040,3.0040,3.0039,3.0039,3.0038,3.0037,3.0036,3.0036,3.0035,3.0034,3.0033,3.0032,3.0031,3.0030,3.0029,3.0028,3.0027,3.0025,3.0024,3.0023,3.0021,3.0020,3.0019,3.0017,3.0016,3.0014,3.0012,3.0011,3.0009,3.0007,3.0006,3.0004,3.0002,3.0000,3.0000,3.0000,3.0000,3.0000,3.0000,3.0000,3.0000,3.0000,3.0000,3.0000,3.0000,3.0000,3.0000,3.0000,3.0000,3.0000,3.0000,3.0000,3.0000,3.0000,3.0000,3.0000,3.0000,3.0000,3.0000,3.0000,3.0000,3.0000,3.0000,3.0000,3.0000,3.0000,3.0000,3.0000,3.0000,3.0000,3.0000,3.0000,3.0000,3.0000,3.0000,3.0000,3.0000,3.0000,3.0000,3.0000,3.0000,3.0000,3.0000,3.0000,3.0000,3.0000,3.0000,3.0000,3.0000,3.0000,3.0000,3.0000,3.0000,3.0000,3.0000,3.0000,3.0000,3.0000,3.0000,3.0000,3.0000,3.0000,3.0000,3.0000,3.0000,3.0000,3.0000,3.0000,3.0000,3.0000,3.0000,3.0000,3.0000,3.0000,3.0000,3.0000,3.0000,3.0000,3.0000,3.0000,3.0000,3.0000,3.0000,3.0000,3.0000,3.0000,3.0000,3.0000,3.0000,3.0000,3.0000,3.0000,3.0000,3.0000,3.0000,3.0000,3.0000,3.0000,3.0000,3.0000,3.0000,3.0000,3.0000,3.0000,3.0000,3.0000,3.0000,3.0000,3.0000,3.0000,3.0000,3.0000,3.0000,3.0000,3.0000,3.0000,3.0000,3.0000,3.0000,3.0000,3.0000,3.0000,3.0000,3.0000,3.0000,3.0000,3.0000,3.0000,3.0000,3.0000,3.0000,3.0000,3.0000,3.0000,3.0000,3.0000,3.0000,3.0000,3.0000,3.0000,3.0000,3.0000,3.0000,3.0000,3.0000,3.0000,3.0000,3.0000,3.0000,3.0000,3.0000,3.0000,3.0000,3.0000,3.0000,3.0000,3.0000,3.0000,3.0000,3.0000,3.0000,3.0000,3.0000,3.0000,3.0000,3.0000,3.0000,3.0000,3.0000,3.0000,3.0000,3.0000,3.0000,3.0000,3.0000,3.0000,3.0000,3.0000,3.0000,3.0000,3.0000,3.0000,3.0000,3.0000,3.0000,3.0000,3.0000,3.0000,3.0000,3.0000,3.0000,3.0000,3.0000,3.0000,3.0000,3.0000,3.0000,3.0000,3.0000,3.0000,3.0000,3.0000,3.0000,3.0000,3.0000,3.0000,3.0000,3.0000,3.0000,3.0000,3.0000,3.0000,3.0000,3.0000,3.0000,3.0000,3.0000,3.0000,3.0000,3.0000,3.0000,3.0000,3.0000,3.0000,3.0000,3.0000,3.0000,3.0000,3.0000,3.0000,3.0000,3.0000,3.0000,3.0000,3.0000,3.0000,3.0000,3.0000,3.0000,3.0000,3.0000,3.0000,3.0000,3.0000,3.0000,3.0000,3.0000,3.0000,3.0000,3.0000,3.0000,3.0000,3.0000,3.0000,3.0000,3.0000,3.0000,3.0000,3.0000,3.0000,3.0000,3.0000,3.0000,3.0000,3.0000,3.0000,3.0000,3.0000,3.0000,3.0000,3.0000,3.0000,3.0000,3.0000,3.0000,3.0000,3.0000,3.0000,3.0000,3.0000,3.0000,3.0000,3.0000,3.0000,3.0000,3.0000,3.0000,3.0000,3.0000,3.0000,3.0000,3.0000,3.0000,3.0000,3.0000,3.0000,3.0000,3.0000,3.0000,3.0000,3.0000,3.0000,3.0000,3.0000,3.0000,3.0000,3.0000,3.0000,3.0000,3.0000,3.0000,3.0000,3.0000,3.0000,3.0000,3.0000,3.0000,3.0000,3.0000,3.0000,3.0000,3.0000,3.0000,3.0000,3.0000,3.0000,3.0000,3.0000,3.0000,3.0000,3.0000,3.0000,3.0000,3.0000,3.0000,3.0000,3.0000,3.0000,3.0000,3.0000,3.0000,3.0000,3.0000,3.0000,3.0000,3.0000,3.0000,3.0000,3.0000,3.0000,3.0000,3.0000,3.0000,3.0000,3.0000,3.0000,3.0000,3.0000,3.0000,3.0000,3.0000,3.0000,3.0000,3.0000,3.0000,3.0000,3.0000,3.0000,3.0000,3.0000,3.0000,3.0000,3.0000,3.0000,3.0000,3.0000,3.0000,3.0000,3.0000,3.0000,3.0000,3.0000,3.0000,3.0000,3.0000,3.0000,3.0000,3.0000,3.0000,3.0000,3.0000,3.0000,3.0000,3.0000,3.0000,3.0000,3.0000,3.0000,3.0000,3.0000,3.0000,3.0000,3.0000,3.0000,3.0000,3.0000,3.0000,3.0000,3.0000,3.0000,3.0000,3.0000,3.0000,3.0000,3.0000,3.0000,3.0000,3.0000,3.0000,3.0000,3.0000,3.0000,3.0000,3.0000,3.0000,3.0000,3.0000,3.0000,3.0000,3.0000,3.0000,3.0000,3.0000,3.0000,3.0000,3.0000,3.0000,3.0000,3.0000,3.0000,3.0000,3.0000,3.0000,3.0000,3.0000,3.0000,3.0000,3.0000,3.0000,3.0000,3.0000,3.0000,3.0000,3.0000,3.0000,3.0000,3.0000,3.0000,3.0000,3.0000,3.0000,3.0000,3.0000,3.0000,3.0000,3.0000,3.0000,3.0000,3.0000,3.0000,3.0000,3.0000,3.0000,3.0000,3.0000,3.0000,3.0000,3.0000,3.0000,3.0000,3.0000,3.0000,3.0000,3.0000,3.0000,3.0000,3.0000,3.0000,3.0000,3.0000,3.0000,3.0000,3.0000,3.0000,3.0000,3.0000,3.0000,3.0000,3.0000,3.0000,3.0000,3.0000,3.0000,3.0000,3.0000,3.0000,3.0000,3.0000,3.0000,3.0000,3.0000,3.0000,3.0000,3.0000,3.0000,3.0000,3.0000,3.0000,3.0000,3.0000,3.0000,3.0000,3.0000,3.0000,3.0000,3.0000,3.0000,3.0000,3.0000,3.0000,3.0000,3.0000,3.0000,3.0000,3.0000,3.0000,3.0000,3.0000,3.0000,3.0000,3.0000,3.0000,3.0000,3.0000,3.0000,3.0000,3.0000,3.0000,3.0000,3.0000,3.0000,3.0000,3.0000,3.0000,3.0000,3.0000,3.0000,3.0000,3.0000,3.0000,3.0000,3.0000,3.0000,3.0000,3.0000,3.0000,3.0000,3.0000,3.0000,3.0000,3.0000,3.0000,3.0000,3.0000,3.0000,3.0000,3.0000,3.0000,3.0000,3.0000,3.0000,3.0000,3.0000,3.0000,3.0000,3.0000,3.0000,3.0000,3.0000,3.0000,3.0000,3.0000,3.0000,3.0000,3.0000,3.0000,3.0000,3.0000,3.0000,3.0000,3.0000,3.0000,3.0000,3.0000,3.0000,3.0000,3.0000,3.0000,3.0000,3.0000,3.0000,3.0000,3.0000,3.0000,3.0000,3.0000,3.0000,3.0000,3.0000,3.0000,3.0000,3.0000,3.0000,3.0000,3.0000,3.0000
-60,8.8973,8.3675,8.0881,7.8787,7.7070,7.5596,7.4296,7.3128,7.2066,7.1090,7.0186,6.9343,6.8553,6.7810,6.7108,6.6442,6.5810,6.5208,6.4633,6.4084,6.3557,6.3052,6.2566,6.2099,6.1648,6.1214,6.0795,6.0390,5.9999,5.9619,5.9252,5.8897,5.8552,5.8217,5.7892,5.7576,5.7269,5.6970,5.6680,5.6397,5.6122,5.5854,5.5592,5.5338,5.5090,5.4848,5.4611,5.4381,5.4156,5.3936,5.3722,5.3512,5.3307,5.3107,5.2912,5.2720,5.2534,5.2351,5.2172,5.1997,5.1826,5.1658,5.1495,5.1334,5.1177,5.1023,5.0873,5.0726,5.0581,5.0440,5.0302,5.0166,5.0033,4.9903,4.9775,4.9650,4.9528,4.9408,4.9291,4.9175,4.9062,4.8952,4.8843,4.8737,4.8633,4.8530,4.8430,4.8332,4.8236,4.8142,4.8049,4.7958,4.7870,4.7782,4.7697,4.7613,4.7531,4.7451,4.7372,4.7295,4.7219,4.7145,4.7072,4.7001,4.6931,4.6862,4.6795,4.6729,4.6665,4.6602,4.6540,4.6479,4.6420,4.6362,4.6305,4.6249,4.6195,4.6141,4.6089,4.6038,4.5987,4.5938,4.5890,4.5843,4.5797,4.5752,4.5708,4.5665,4.5623,4.5582,4.5542,4.5503,4.5464,4.5427,4.5390,4.5354,4.5319,4.5285,4.5252,4.5219,4.5188,4.5157,4.5127,4.5097,4.5069,4.5041,4.5014,4.4987,4.4962,4.4937,4.4912,4.4889,4.4866,4.4843,4.4822,4.4801,4.4780,4.4760,4.4741,4.4723,4.4705,4.4688,4.4671,4.4655,4.4639,4.4624,4.4609,4.4595,4.4582,4.4569,4.4557,4.4545,4.4534,4.4523,4.4512,4.4503,4.4493,4.4484,4.4476,4.4468,4.4461,4.4453,4.4447,4.4441,4.4435,4.4430,4.4425,4.4420,4.4416,4.4413,4.4410,4.4407,4.4404,4.4402,4.4401,4.4400,4.4399,4.4398,4.4398,4.4398,4.4399,4.4400,4.4401,4.4402,4.4404,4.4407,4.4409,4.4412,4.4415,4.4419,4.4423,4.4427,4.4432,4.4436,4.4441,4.4447,4.4452,4.4458,4.4465,4.4471,4.4478,4.4485,4.4492,4.4500,4.4508,4.4516,4.4524,4.4533,4.4542,4.4551,4.4560,4.4570,4.4580,4.4590,4.4600,4.4611,4.4622,4.4633,4.4644,4.4655,4.4667,4.4679,4.4691,4.4703,4.4716,4.4728,4.4741,4.4754,4.4767,4.4781,4.4795,4.4808,4.4822,4.4837,4.4851,4.4866,4.4880,4.4895,4.4910,4.4925,4.4941,4.4956,4.4972,4.4988,4.5004,4.5020,4.5037,4.5053,4.5070,4.5086,4.5103,4.5120,4.5138,4.5155,4.5173,4.5190,4.5208,4.5226,4.5244,4.5262,4.5280,4.5299,4.5317,4.5336,4.5355,4.5373,4.5392,4.5412,4.5431,4.5450,4.5470,4.5489,4.5509,4.5528,4.5548,4.5568,4.5588,4.5609,4.5629,4.5649,4.5670,4.5690,4.5711,4.5731,4.5752,4.5773,4.5794,4.5815,4.5836,4.5857,4.5879,4.5900,4.5922,4.5943,4.5965,4.5986,4.6008,4.6030,4.6052,4.6074,4.6096,4.6118,4.6140,4.6162,4.6184,4.6207,4.6229,4.6252,4.6274,4.6297,4.6319,4.6342,4.6365,4.6388,4.6410,4.6433,4.6456,4.6479,4.6502,4.6525,4.6548,4.6572,4.6595,4.6618,4.6641,4.6665,4.6688,4.6711,4.6735,4.6758,4.6782,4.6805,4.6829,4.6852,4.6876,4.6900,4.6923,4.6947,4.6971,4.6995,4.7018,4.7042,4.7066,4.7090,4.7114,4.7138,4.7162,4.7186,4.7210,4.7234,4.7258,4.7282,4.7306,4.7330,4.7354,4.7378,4.7402,4.7426,4.7450,4.7474,4.7499,4.7523,4.7547,4.7571,4.7595,4.7619,4.7644,4.7668,4.7692,4.7716,4.7740,4.7764,4.7789,4.7813,4.7837,4.7861,4.7885,4.7910,4.7934,4.7958,4.7982,4.8006,4.8031,4.8055,4.8079,4.8103,4.8127,4.8151,4.8176,4.8200,4.8224,4.8248,4.8272,4.8296,4.8320,4.8344,4.8368,4.8392,4.8416,4.8440,4.8464,4.8488,4.8512,4.8536,4.8560,4.8584,4.8608,4.8632,4.8655,4.8679,4.8703,4.8727,4.8751,4.8774,4.8798,4.8822,4.8845,4.8869,4.8893,4.8916,4.8940,4.8963,4.8987,4.9010,4.9034,4.9057,4.9081,4.9104,4.9127,4.9151,4.9174,4.9197,4.9220,4.9243,4.9267,4.9290,4.9313,4.9336,4.9359,4.9382,4.9405,4.9428,4.9451,4.9473,4.9496,4.9519,4.9542,4.9564,4.9587,4.9610,4.9632,4.9655,4.9677,4.9700,4.9722,4.9745,4.9767,4.9789,4.9812,4.9834,4.9856,4.9878,4.9900,4.9922,4.9944,4.9966,4.9988,5.0010,5.0032,5.0054,5.0075,5.0097,5.0119,5.0140,5.0162,5.0183,5.0205,5.0226,5.0247,5.0269,5.0290,5.0311,5.0332,5.0353,5.0375,5.0396,5.0416,5.0437,5.0458,5.0479,5.0500,5.0520,5.0541,5.0562,5.0582,5.0603,5.0623,5.0644,5.0664,5.0684,5.0704,5.0725,5.0745,5.0765,5.0785,5.0805,5.0824,5.0844,5.0864,5.0884,5.0903,5.0923,5.0943,5.0962,5.0981,5.1001,5.1020,5.1039,5.1059,5.1078,5.1097,5.1116,5.1135,5.1154,5.1172,5.1191,5.1210,5.1228,5.1247,5.1266,5.1284,5.1302,5.1321,5.1339,5.1357,5.1375,5.1393,5.1411,5.1429,5.1447,5.1465,5.1483,5.1500,5.1518,5.1536,5.1553,5.1570,5.1588,5.1605,5.1622,5.1639,5.1657,5.1674,5.1690,5.1707,5.1724,5.1741,5.1758,5.1774,5.1791,5.1807,5.1824,5.1840,5.1856,5.1872,5.1889,5.1905,5.1921,5.1936,5.1952,5.1968,5.1984,5.1999,5.2015,5.2031,5.2046,5.2061,5.2077,5.2092,5.2107,5.2122,5.2137,5.2152,5.2167,5.2181,5.2196,5.2211,5.2225,5.2240,5.2254,5.2269,5.2283,5.2297,5.2311,5.2325,5.2339,5.2353,5.2367,5.2380,5.2394,5.2408,5.2421,5.2435,5.2448,5.2461,5.2474,5.2488,5.2501,5.2514,5.2526,5.2539,5.2552,5.2565,5.2577,5.2590,5.2602,5.2614,5.2627,5.2639,5.2651,5.2663,5.2675,5.2687,5.2699,5.2710,5.2722,5.2734,5.2745,5.2757,5.2768,5.2779,5.2790,5.2801,5.2812,5.2823,5.2834,5.2845,5.2856,5.2866,5.2877,5.2887,5.2897,5.2908,5.2918,5.2928,5.2938,5.2948,5.2958,5.2968,5.2977,5.2987,5.2997,5.3006,5.3015,5.3025,5.3034,5.3043,5.3052,5.3061,5.3070,5.3079,5.3087,5.3096,5.3105,5.3113,5.3121,5.3130,5.3138,5.3146,5.3154,5.3162,5.3170,5.3178,5.3185,5.3193,5.3201,5.3208,5.3215,5.3223,5.3230,5.3237,5.3244,5.3251,5.3258,5.3265,5.3271,5.3278,5.3284,5.3291,5.3297,5.3303,5.3310,5.3316,5.3322,5.3328,5.3333,5.3339,5.3345,5.3350,5.3356,5.3361,5.3366,5.3372,5.3377,5.3382,5.3387,5.3392,5.3396,5.3401,5.3406,5.3410,5.3415,5.3419,5.3423,5.3427,5.3431,5.3435,5.3439,5.3443,5.3447,5.3450,5.3454,5.3457,5.3461,5.3464,5.3467,5.3470,5.3473,5.3476,5.3479,5.3482,5.3485,5.3487,5.3490,5.3492,5.3494,5.3496,5.3499,5.3501,5.3502,5.3504,5.3506,5.3508,5.3509,5.3511,5.3512,5.3513,5.3515,5.3516,5.3517,5.3518,5.3519,5.3519,5.3520,5.3521,5.3521,5.3521,5.3522,5.3522,5.3522,5.3522,5.3522,5.3522,5.3522,5.3521,5.3521,5.3520,5.3520,5.3519,5.3518,5.3517,5.3516,5.3515,5.3514,5.3513,5.3511,5.3510,5.3508,5.3507,5.3505,5.3503,5.3501,5.3499,5.3497,5.3495,5.3493,5.3490,5.3488,5.3485,5.3483,5.3480,5.3477,5.3474,5.3471,5.3468,5.3465,5.3461,5.3458,5.3455,5.3451,5.3447,5.3444,5.3440,5.3436,5.3432,5.3427,5.3423,5.3419,5.3414,5.3410,5.3405,5.3401,5.3396,5.3391,5.3386,5.3381,5.3376,5.3370,5.3365,5.3360,5.3354,5.3348,5.3343,5.3337,5.3331,5.3325,5.3319,5.3312,5.3306,5.3300,5.3293,5.3287,5.3280,5.3273,5.3266,5.3259,5.3252,5.3245,5.3238,5.3230,5.3223,5.3215,5.3208,5.3200,5.3192,5.3184,5.3176,5.3168,5.3160,5.3151,5.3143,5.3134,5.3126,5.3117,5.3108,5.3099,5.3090,5.3081,5.3072,5.3063,5.3054,5.3044,5.3035,5.3025,5.3015,5.3005,5.2995,5.2985,5.2975,5.2965,5.2955,5.2944,5.2934,5.2923,5.2912,5.2901,5.2891,5.2879,5.2868,5.2857,5.2846,5.2834,5.2823,5.2811,5.2800,5.2788,5.2776,5.2764,5.2752,5.2740,5.2728,5.2715,5.2703,5.2690,5.2678,5.2665,5.2652,5.2639,5.2626,5.2613,5.2600,5.2586,5.2573,5.2559,5.2546,5.2532,5.2518,5.2504,5.2490,5.2476,5.2462,5.2447,5.2433,5.2419,5.2404,5.2389,5.2374,5.2360,5.2345,5.2329,5.2314,5.2299,5.2284,5.2268,5.2253,5.2237,5.2221,5.2205,5.2189,5.2173,5.2157,5.2141,5.2124,5.2108,5.2091,5.2075,5.2058,5.2041,5.2024,5.2007,5.1990,5.1973,5.1955,5.1938,5.1920,5.1903,5.1885,5.1867,5.1849,5.1831,5.1813,5.1795,5.1777,5.1758,5.1740,5.1721,5.1702,5.1683,5.1665,5.1645,5.1626,5.1607,5.1588,5.1568,5.1549,5.1529,5.1510,5.1490,5.1470,5.1450,5.1430,5.1410,5.1389,5.1369,5.1348,5.1328,5.1307,5.1286,5.1265,5.1244,5.1223,5.1202,5.1181,5.1160,5.1138,5.1116,5.1095,5.1073,5.1051,5.1029,5.1007,5.0985,5.0963,5.0940,5.0918,5.0895,5.0873,5.0850,5.0827,5.0804,5.0781,5.0758,5.0734,5.0711,5.0688,5.0664,5.0640,5.0617,5.0593,5.0569,5.0545,5.0521,5.0496,5.0472,5.0448,5.0423
-60,0.8140,0.7929,0.7817,0.7734,0.7666,0.7608,0.7557,0.7511,0.7469,0.7431,0.7396,0.7363,0.7332,0.7303,0.7276,0.7250,0.7226,0.7203,0.7181,0.7160,0.7139,0.7120,0.7102,0.7084,0.7067,0.7050,0.7035,0.7019,0.7005,0.6990,0.6977,0.6963,0.6951,0.6938,0.6926,0.6914,0.6903,0.6892,0.6882,0.6871,0.6861,0.6851,0.6842,0.6833,0.6824,0.6815,0.6807,0.6798,0.6790,0.6783,0.6775,0.6768,0.6760,0.6753,0.6747,0.6740,0.6734,0.6727,0.6721,0.6715,0.6709,0.6704,0.6698,0.6693,0.6687,0.6682,0.6677,0.6672,0.6668,0.6663,0.6659,0.6654,0.6650,0.6646,0.6642,0.6638,0.6634,0.6630,0.6626,0.6623,0.6619,0.6616,0.6613,0.6609,0.6606,0.6603,0.6600,0.6597,0.6595,0.6592,0.6589,0.6587,0.6584,0.6582,0.6579,0.6577,0.6575,0.6573,0.6571,0.6568,0.6566,0.6565,0.6563,0.6561,0.6559,0.6558,0.6556,0.6554,0.6553,0.6551,0.6550,0.6549,0.6547,0.6546,0.6545,0.6544,0.6543,0.6541,0.6540,0.6539,0.6538,0.6538,0.6537,0.6536,0.6535,0.6534,0.6534,0.6533,0.6533,0.6532,0.6531,0.6531,0.6530,0.6530,0.6530,0.6529,0.6529,0.6529,0.6528,0.6528,0.6528,0.6528,0.6528,0.6528,0.6528,0.6528,0.6528,0.6528,0.6528,0.6528,0.6528,0.6528,0.6528,0.6528,0.6528,0.6528,0.6528,0.6528,0.6528,0.6528,0.6528,0.6528,0.6528,0.6528,0.6528,0.6528,0.6528,0.6528,0.6528,0.6528,0.6528,0.6528,0.6528,0.6528,0.6528,0.6528,0.6528,0.6528,0.6528,0.6528,0.6528,0.6528,0.6528,0.6528,0.6528,0.6528,0.6528,0.6528,0.6528,0.6528,0.6528,0.6528,0.6528,0.6528,0.6528,0.6528,0.6528,0.6528,0.6528,0.6528,0.6528,0.6528,0.6528,0.6528,0.6528,0.6528,0.6528,0.6528,0.6528,0.6528,0.6528,0.6528,0.6528,0.6528,0.6528,0.6528,0.6528,0.6528,0.6528,0.6528,0.6528,0.6528,0.6528,0.6528,0.6528,0.6528,0.6528,0.6528,0.6528,0.6528,0.6528,0.6528,0.6528,0.6528,0.6528,0.6528,0.6528,0.6528,0.6528,0.6528,0.6528,0.6528,0.6528,0.6528,0.6528,0.6528,0.6528,0.6528,0.6528,0.6528,0.6528,0.6528,0.6528,0.6528,0.6528,0.6528,0.6528,0.6528,0.6528,0.6528,0.6528,0.6528,0.6528,0.6528,0.6528,0.6528,0.6528,0.6528,0.6528,0.6528,0.6528,0.6528,0.6528,0.6528,0.6528,0.6528,0.6528,0.6528,0.6528,0.6528,0.6528,0.6528,0.6528,0.6528,0.6528,0.6528,0.6528,0.6528,0.6528,0.6528,0.6528,0.6528,0.6528,0.6528,0.6528,0.6528,0.6528,0.6528,0.6528,0.6528,0.6528,0.6528,0.6528,0.6528,0.6528,0.6528,0.6528,0.6528,0.6528,0.6528,0.6528,0.6528,0.6528,0.6528,0.6528,0.6528,0.6528,0.6528,0.6528,0.6528,0.6528,0.6528,0.6528,0.6528,0.6528,0.6528,0.6528,0.6528,0.6528,0.6528,0.6528,0.6528,0.6528,0.6528,0.6528,0.6528,0.6528,0.6528,0.6528,0.6528,0.6528,0.6528,0.6528,0.6528,0.6528,0.6528,0.6528,0.6528,0.6528,0.6528,0.6528,0.6528,0.6528,0.6528,0.6528,0.6528,0.6528,0.6528,0.6528,0.6528,0.6528,0.6528,0.6528,0.6528,0.6528,0.6528,0.6528,0.6528,0.6528,0.6528,0.6528,0.6528,0.6528,0.6528,0.6528,0.6528,0.6528,0.6528,0.6528,0.6528,0.6528,0.6528,0.6528,0.6528,0.6528,0.6528,0.6528,0.6528,0.6528,0.6528,0.6528,0.6528,0.6528,0.6528,0.6528,0.6528,0.6528,0.6528,0.6528,0.6528,0.6528,0.6528,0.6528,0.6528,0.6528,0.6528,0.6528,0.6528,0.6528,0.6528,0.6528,0.6528,0.6528,0.6528,0.6528,0.6528,0.6528,0.6528,0.6528,0.6528,0.6528,0.6528,0.6528,0.6528,0.6528,0.6528,0.6528,0.6528,0.6528,0.6528,0.6528,0.6528,0.6528,0.6528,0.6528,0.6528,0.6528,0.6528,0.6528,0.6528,0.6528,0.6528,0.6528,0.6528,0.6528,0.6528,0.6528,0.6528,0.6528,0.6528,0.6528,0.6528,0.6528,0.6528,0.6528,0.6528,0.6528,0.6528,0.6528,0.6528,0.6528,0.6528,0.6528,0.6528,0.6528,0.6528,0.6528,0.6528,0.6528,0.6528,0.6528,0.6528,0.6528,0.6528,0.6528,0.6528,0.6528,0.6528,0.6528,0.6528,0.6528,0.6528,0.6528,0.6528,0.6528,0.6528,0.6528,0.6528,0.6528,0.6528,0.6528,0.6528,0.6528,0.6528,0.6528,0.6528,0.6528,0.6528,0.6528,0.6528,0.6528,0.6528,0.6528,0.6528,0.6528,0.6528,0.6528,0.6528,0.6528,0.6528,0.6528,0.6528,0.6528,0.6528,0.6528,0.6528,0.6528,0.6528,0.6528,0.6528,0.6528,0.6528,0.6528,0.6528,0.6528,0.6528,0.6528,0.6528,0.6528,0.6528,0.6528,0.6528,0.6528,0.6528,0.6528,0.6528,0.6528,0.6528,0.6528,0.6528,0.6528,0.6528,0.6528,0.6528,0.6528,0.6528,0.6528,0.6528,0.6528,0.6528,0.6528,0.6528,0.6528,0.6528,0.6528,0.6528,0.6528,0.6528,0.6528,0.6528,0.6528,0.6528,0.6528,0.6528,0.6528,0.6528,0.6528,0.6528,0.6528,0.6528,0.6528,0.6528,0.6528,0.6528,0.6528,0.6528,0.6528,0.6528,0.6528,0.6528,0.6528,0.6528,0.6528,0.6528,0.6528,0.6528,0.6528,0.6528,0.6528,0.6528,0.6528,0.6528,0.6528,0.6528,0.6528,0.6528,0.6528,0.6528,0.6528,0.6528,0.6528,0.6528,0.6528,0.6528,0.6528,0.6528,0.6528,0.6528,0.6528,0.6528,0.6528,0.6528,0.6528,0.6528,0.6528,0.6528,0.6528,0.6528,0.6528,0.6528,0.6528,0.6528,0.6528,0.6528,0.6528,0.6528,0.6528,0.6528,0.6528,0.6528,0.6528,0.6528,0.6528,0.6528,0.6528,0.6528,0.6528,0.6528,0.6528,0.6528,0.6528,0.6528,0.6528,0.6528,0.6528,0.6528,0.6528,0.6528,0.6528,0.6528,0.6528,0.6528,0.6528,0.6528,0.6528,0.6528,0.6528,0.6528,0.6528,0.6528,0.6528,0.6528,0.6528,0.6528,0.6528,0.6528,0.6528,0.6528,0.6528,0.6528,0.6528,0.6528,0.6528,0.6528,0.6528,0.6528,0.6528,0.6528,0.6528,0.6528,0.6528,0.6528,0.6528,0.6528,0.6528,0.6528,0.6528,0.6528,0.6528,0.6528,0.6528,0.6528,0.6528,0.6528,0.6528,0.6528,0.6528,0.6528,0.6528,0.6528,0.6528,0.6528,0.6528,0.6528,0.6528,0.6528,0.6528,0.6528,0.6528,0.6528,0.6528,0.6528,0.6528,0.6528,0.6528,0.6528,0.6528,0.6528,0.6528,0.6528,0.6528,0.6528,0.6528,0.6528,0.6528,0.6528,0.6528,0.6528,0.6528,0.6528,0.6528,0.6528,0.6528,0.6528,0.6528,0.6528,0.6528,0.6528,0.6528,0.6528,0.6528,0.6528,0.6528,0.6528,0.6528,0.6528,0.6528,0.6528,0.6528,0.6528,0.6528,0.6528,0.6528,0.6528,0.6528,0.6528,0.6528,0.6528,0.6528,0.6528,0.6528,0.6528,0.6528,0.6528,0.6528,0.6528,0.6528,0.6528,0.6528,0.6528,0.6528,0.6528,0.6528,0.6528,0.6528,0.6528,0.6528,0.6528,0.6528,0.6528,0.6528,0.6528,0.6528,0.6528,0.6528,0.6528,0.6528,0.6528,0.6528,0.6528,0.6528,0.6528,0.6528,0.6528,0.6528,0.6528,0.6528,0.6528,0.6528,0.6528,0.6528,0.6528,0.6528,0.6528,0.6528,0.6528,0.6528,0.6528,0.6528,0.6528,0.6528,0.6528,0.6528,0.6528,0.6528,0.6528,0.6528,0.6528,0.6528,0.6528,0.6528,0.6528,0.6528,0.6528,0.6528,0.6528,0.6528,0.6528,0.6528,0.6528,0.6528,0.6528,0.6528,0.6528,0.6528,0.6528,0.6528,0.6528,0.6528,0.6528,0.6528,0.6528,0.6528,0.6528,0.6528,0.6528,0.6528,0.6528,0.6528,0.6528,0.6528,0.6528,0.6528,0.6528,0.6528,0.6528,0.6528,0.6528,0.6528,0.6528,0.6528,0.6528,0.6528,0.6528,0.6528,0.6528,0.6528,0.6528,0.6528,0.6528,0.6528,0.6528,0.6528,0.6528,0.6528,0.6528,0.6528,0.6528,0.6528,0.6528,0.6528,0.6528,0.6528,0.6528,0.6528,0.6528,0.6528,0.6528,0.6528,0.6528,0.6528,0.6528,0.6528,0.6528,0.6528,0.6528,0.6528,0.6528,0.6528,0.6528,0.6528,0.6528,0.6528,0.6528,0.6528,0.6528,0.6528,0.6528,0.6528,0.6528,0.6528,0.6528,0.6528,0.6528,0.6528,0.6528,0.6528,0.6528,0.6528,0.6528,0.6528,0.6528,0.6528,0.6528,0.6528,0.6528,0.6528,0.6528,0.6528,0.6528,0.6528,0.6528,0.6528,0.6528,0.6528,0.6528,0.6528,0.6528,0.6528,0.6528,0.6528,0.6528,0.6528,0.6528,0.6528,0.6528,0.6528,0.6528,0.6528,0.6528,0.6528,0.6528,0.6528,0.6528,0.6528,0.6528,0.6528,0.6528,0.6528,0.6528,0.6528,0.6528,0.6528,0.6528,0.6528,0.6528,0.6528,0.6528,0.6528,0.6528,0.6528,0.6528,0.6528,0.6528,0.6528,0.6528,0.6528,0.6528,0.6528,0.6528,0.6528,0.6528,0.6528,0.6528,0.6528,0.6528,0.6528,0.6528,0.6528,0.6528,0.6528,0.6528,0.6528,0.6528,0.6528,0.6528,0.6528,0.6528,0.6528,0.6528,0.6528,0.6528,0.6528,0.6528,0.6528,0.6528,0.6528,0.6528,0.6528,0.6528,0.6528,0.6528,0.6528,0.6528,0.6528,0.6528,0.6528,0.6528,0.6528,0.6528,0.6528,0.6528,0.6528,0.6528,0.6528,0.6528,0.6528,0.6528,0.6528,0.6528,0.6528,0.6528,0.6528,0.6528,0.6528,0.6528
-40,-0.1143,-0.1212,-0.1210,-0.1189,-0.1158,-0.1120,-0.1078,-0.1033,-0.0986,-0.0937,-0.0886,-0.0833,-0.0780,-0.0726,-0.0671,-0.0615,-0.0559,-0.0502,-0.0445,-0.0388,-0.0330,-0.0272,-0.0214,-0.0156,-0.0097,-0.0038,0.0021,0.0080,0.0139,0.0198,0.0257,0.0316,0.0375,0.0435,0.0494,0.0553,0.0613,0.0672,0.0731,0.0790,0.0849,0.0909,0.0968,0.1027,0.1086,0.1145,0.1204,0.1262,0.1321,0.1380,0.1438,0.1497,0.1555,0.1614,0.1672,0.1730,0.1788,0.1846,0.1904,0.1962,0.2020,0.2077,0.2135,0.2192,0.2249,0.2307,0.2364,0.2421,0.2478,0.2535,0.2591,0.2648,0.2704,0.2761,0.2817,0.2873,0.2929,0.2985,0.3041,0.3097,0.3153,0.3208,0.3264,0.3319,0.3374,0.3429,0.3484,0.3539,0.3594,0.3648,0.3703,0.3757,0.3812,0.3866,0.3920,0.3974,0.4028,0.4081,0.4135,0.4189,0.4242,0.4295,0.4348,0.4402,0.4454,0.4507,0.4560,0.4613,0.4665,0.4718,0.4770,0.4822,0.4874,0.4926,0.4978,0.5029,0.5081,0.5133,0.5184,0.5235,0.5286,0.5337,0.5388,0.5439,0.5490,0.5540,0.5591,0.5641,0.5691,0.5742,0.5792,0.5841,0.5891,0.5941,0.5991,0.6040,0.6089,0.6139,0.6188,0.6237,0.6286,0.6335,0.6383,0.6432,0.6480,0.6529,0.6577,0.6625,0.6673,0.6721,0.6769,0.6817,0.6864,0.6912,0.6959,0.7007,0.7054,0.7101,0.7148,0.7195,0.7241,0.7288,0.7335,0.7381,0.7427,0.7474,0.7520,0.7566,0.7612,0.7657,0.7703,0.7749,0.7794,0.7840,0.7885,0.7930,0.7975,0.8020,0.8065,0.8110,0.8154,0.8199,0.8243,0.8288,0.8332,0.8376,0.8420,0.8464,0.8508,0.8552,0.8595,0.8639,0.8682,0.8725,0.8769,0.8812,0.8855,0.8898,0.8941,0.8983,0.9026,0.9068,0.9111,0.9153,0.9195,0.9237,0.9279,0.9321,0.9363,0.9405,0.9446,0.9488,0.9529,0.9571,0.9612,0.9653,0.9694,0.9735,0.9776,0.9816,0.9857,0.9898,0.9938,0.9978,1.0019,1.0059,1.0099,1.0139,1.0179,1.0218,1.0258,1.0297,1.0337,1.0376,1.0416,1.0455,1.0494,1.0533,1.0572,1.0610,1.0649,1.0688,1.0726,1.0765,1.0803,1.0841,1.0879,1.0917,1.0955,1.0993,1.1031,1.1069,1.1106,1.1144,1.1181,1.1218,1.1255,1.1292,1.1330,1.1366,1.1403,1.1440,1.1477,1.1513,1.1550,1.1586,1.1622,1.1658,1.1694,1.1730,1.1766,1.1802,1.1838,1.1873,1.1909,1.1944,1.1980,1.2015,1.2050,1.2085,1.2120,1.2155,1.2190,1.2225,1.2259,1.2294,1.2328,1.2363,1.2397,1.2431,1.2465,1.2499,1.2533,1.2567,1.2601,1.2634,1.2668,1.2701,1.2735,1.2768,1.2801,1.2834,1.2868,1.2900,1.2933,1.2966,1.2999,1.3031,1.3064,1.3096,1.3129,1.3161,1.3193,1.3225,1.3257,1.3289,1.3321,1.3353,1.3384,1.3416,1.3447,1.3479,1.3510,1.3541,1.3572,1.3603,1.3634,1.3665,1.3696,1.3727,1.3757,1.3788,1.3818,1.3849,1.3879,1.3909,1.3939,1.3969,1.3999,1.4029,1.4059,1.4089,1.4118,1.4148,1.4177,1.4207,1.4236,1.4265,1.4294,1.4323,1.4352,1.4381,1.4410,1.4438,1.4467,1.4496,1.4524,1.4552,1.4581,1.4609,1.4637,1.4665,1.4693,1.4721,1.4749,1.4776,1.4804,1.4832,1.4859,1.4886,1.4914,1.4941,1.4968,1.4995,1.5022,1.5049,1.5076,1.5103,1.5129,1.5156,1.5182,1.5209,1.5235,1.5261,1.5288,1.5314,1.5340,1.5366,1.5391,1.5417,1.5443,1.5469,1.5494,1.5520,1.5545,1.5570,1.5595,1.5621,1.5646,1.5671,1.5696,1.5720,1.5745,1.5770,1.5794,1.5819,1.5843,1.5868,1.5892,1.5916,1.5940,1.5964,1.5988,1.6012,1.6036,1.6060,1.6084,1.6107,1.6131,1.6154,1.6177,1.6201,1.6224,1.6247,1.6270,1.6293,1.6316,1.6339,1.6362,1.6384,1.6407,1.6429,1.6452,1.6474,1.6496,1.6519,1.6541,1.6563,1.6585,1.6607,1.6629,1.6650,1.6672,1.6694,1.6715,1.6737,1.6758,1.6779,1.6801,1.6822,1.6843,1.6864,1.6885,1.6906,1.6926,1.6947,1.6968,1.6988,1.7009,1.7029,1.7049,1.7070,1.7090,1.7110,1.7130,1.7150,1.7170,1.7190,1.7209,1.7229,1.7249,1.7268,1.7288,1.7307,1.7326,1.7346,1.7365,1.7384,1.7403,1.7422,1.7441,1.7459,1.7478,1.7497,1.7515,1.7534,1.7552,1.7571,1.7589,1.7607,1.7625,1.7643,1.7661,1.7679,1.7697,1.7715,1.7733,1.7750,1.7768,1.7785,1.7803,1.7820,1.7837,1.7855,1.7872,1.7889,1.7906,1.7923,1.7940,1.7956,1.7973,1.7990,1.8006,1.8023,1.8039,1.8056,1.8072,1.8088,1.8104,1.8120,1.8136,1.8152,1.8168,1.8184,1.8200,1.8215,1.8231,1.8246,1.8262,1.8277,1.8292,1.8308,1.8323,1.8338,1.8353,1.8368,1.8383,1.8398,1.8412,1.8427,1.8442,1.8456,1.8471,1.8485,1.8499,1.8514,1.8528,1.8542,1.8556,1.8570,1.8584,1.8598,1.8612,1.8625,1.8639,1.8653,1.8666,1.8679,1.8693,1.8706,1.8719,1.8733,1.8746,1.8759,1.8772,1.8785,1.8797,1.8810,1.8823,1.8835,1.8848,1.8860,1.8873,1.8885,1.8898,1.8910,1.8922,1.8934,1.8946,1.8958,1.8970,1.8982,1.8993,1.9005,1.9017,1.9028,1.9040,1.9051,1.9062,1.9074,1.9085,1.9096,1.9107,1.9118,1.9129,1.9140,1.9151,1.9162,1.9172,1.9183,1.9193,1.9204,1.9214,1.9225,1.9235,1.9245,1.9255,1.9265,1.9275,1.9285,1.9295,1.9305,1.9315,1.9325,1.9334,1.9344,1.9353,1.9363,1.9372,1.9381,1.9391,1.9400,1.9409,1.9418,1.9427,1.9436,1.9445,1.9453,1.9462,1.9471,1.9479,1.9488,1.9496,1.9505,1.9513,1.9521,1.9530,1.9538,1.9546,1.9554,1.9562,1.9570,1.9577,1.9585,1.9593,1.9600,1.9608,1.9615,1.9623,1.9630,1.9638,1.9645,1.9652,1.9659,1.9666,1.9673,1.9680,1.9687,1.9694,1.9700,1.9707,1.9714,1.9720,1.9727,1.9733,1.9739,1.9746,1.9752,1.9758,1.9764,1.9770,1.9776,1.9782,1.9788,1.9794,1.9799,1.9805,1.9811,1.9816,1.9822,1.9827,1.9832,1.9838,1.9843,1.9848,1.9853,1.9858,1.9863,1.9868,1.9873,1.9878,1.9882,1.9887,1.9892,1.9896,1.9901,1.9905,1.9909,1.9914,1.9918,1.9922,1.9926,1.9930,1.9934,1.9938,1.9942,1.9946,1.9950,1.9953,1.9957,1.9960,1.9964,1.9967,1.9971,1.9974,1.9977,1.9980,1.9983,1.9987,1.9990,1.9992,1.9995,1.9998,2.0001,2.0004,2.0006,2.0009,2.0011,2.0014,2.0016,2.0018,2.0021,2.0023,2.0025,2.0027,2.0029,2.0031,2.0033,2.0035,2.0037,2.0038,2.0040,2.0042,2.0043,2.0045,2.0046,2.0048,2.0049,2.0050,2.0051,2.0052,2.0053,2.0054,2.0055,2.0056,2.0057,2.0058,2.0059,2.0059,2.0060,2.0060,2.0061,2.0061,2.0062,2.0062,2.0062,2.0062,2.0062,2.0062,2.0062,2.0062,2.0062,2.0062,2.0062,2.0061,2.0061,2.0061,2.0060,2.0060,2.0059,2.0058,2.0058,2.0057,2.0056,2.0055,2.0054,2.0053,2.0052,2.0051,2.0050,2.0049,2.0047,2.0046,2.0045,2.0043,2.0042,2.0040,2.0038,2.0037,2.0035,2.0033,2.0031,2.0029,2.0027,2.0025,2.0023,2.0021,2.0019,2.0016,2.0014,2.0012,2.0009,2.0007,2.0004,2.0001,1.9999,1.9996,1.9993,1.9990,1.9987,1.9984,1.9981,1.9978,1.9975,1.9972,1.9969,1.9965,1.9962,1.9958,1.9955,1.9951,1.9948,1.9944,1.9940,1.9937,1.9933,1.9929,1.9925,1.9921,1.9917,1.9913,1.9908,1.9904,1.9900,1.9896,1.9891,1.9887,1.9882,1.9878,1.9873,1.9868,1.9864,1.9859,1.9854,1.9849,1.9844,1.9839,1.9834,1.9829,1.9824,1.9818,1.9813,1.9808,1.9802,1.9797,1.9791,1.9786,1.9780,1.9774,1.9768,1.9763,1.9757,1.9751,1.9745,1.9739,1.9733,1.9727,1.9720,1.9714,1.9708,1.9701,1.9695,1.9688,1.9682,1.9675,1.9669,1.9662,1.9655,1.9648,1.9641,1.9635,1.9628,1.9621,1.9613,1.9606,1.9599,1.9592,1.9585,1.9577,1.9570,1.9562,1.9555,1.9547,1.9539,1.9532,1.9524,1.9516,1.9508,1.9500,1.9492,1.9484,1.9476,1.9468,1.9460,1.9452,1.9443,1.9435,1.9427,1.9418,1.9410,1.9401,1.9392,1.9384,1.9375,1.9366,1.9357,1.9348,1.9340,1.9330,1.9321,1.9312,1.9303,1.9294,1.9285,1.9275,1.9266,1.9256,1.9247,1.9237,1.9228,1.9218,1.9208,1.9199,1.9189,1.9179,1.9169,1.9159,1.9149,1.9139,1.9129,1.9119,1.9108,1.9098,1.9088,1.9077,1.9067,1.9056,1.9046,1.9035,1.9024,1.9014,1.9003,1.8992,1.8981,1.8970,1.8959,1.8948,1.8937,1.8926,1.8915,1.8903,1.8892,1.8881,1.8869,1.8858,1.8846,1.8835,1.8823,1.8811,1.8799,1.8788,1.8776,1.8764,1.8752,1.8740,1.8728,1.8716,1.8704,1.8691,1.8679,1.8667,1.8654,1.8642,1.8629,1.8617,1.8604,1.8592,1.8579,1.8566,1.8553,1.8541,1.8528,1.8515,1.8502,1.8489,1.8475,1.8462,1.8449,1.8436,1.8423,1.8409,1.8396,1.8382,1.8369,1.8355,1.8341,1.8328,1.8314,1.8300,1.8286,1.8272,1.8259,1.8245,1.8230,1.8216,1.8202,1.8188,1.8174,1.8159,1.8145,1.8131,1.8116,1.8102,1.8087,1.8072,1.8058
-40,-3.5820,-3.6518,-3.6847,-3.7072,-3.7243,-3.7378,-3.7487,-3.7577,-3.7651,-3.7714,-3.7765,-3.7808,-3.7843,-3.7871,-3.7894,-3.7911,-3.7924,-3.7932,-3.7936,-3.7937,-3.7934,-3.7929,-3.7920,-3.7909,-3.7896,-3.7880,-3.7862,-3.7843,-3.7821,-3.7798,-3.7773,-3.7746,-3.7718,-3.7689,-3.7658,-3.7626,-3.7593,-3.7558,-3.7523,-3.7486,-3.7448,-3.7410,-3.7370,-3.7330,-3.7289,-3.7247,-3.7204,-3.7160,-3.7116,-3.7071,-3.7025,-3.6979,-3.6932,-3.6885,-3.6836,-3.6788,-3.6738,-3.6688,-3.6638,-3.6587,-3.6536,-3.6484,-3.6432,-3.6379,-3.6326,-3.6273,-3.6219,-3.6164,-3.6110,-3.6055,-3.5999,-3.5943,-3.5887,-3.5831,-3.5774,-3.5717,-3.5659,-3.5602,-3.5544,-3.5486,-3.5427,-3.5368,-3.5309,-3.5250,-3.5190,-3.5130,-3.5070,-3.5010,-3.4950,-3.4889,-3.4828,-3.4767,-3.4705,-3.4644,-3.4582,-3.4520,-3.4458,-3.4396,-3.4333,-3.4271,-3.4208,-3.4145,-3.4082,-3.4018,-3.3955,-3.3891,-3.3828,-3.3764,-3.3700,-3.3636,-3.3571,-3.3507,-3.3442,-3.3378,-3.3313,-3.3248,-3.3183,-3.3118,-3.3052,-3.2987,-3.2921,-3.2856,-3.2790,-3.2724,-3.2658,-3.2592,-3.2526,-3.2460,-3.2394,-3.2327,-3.2261,-3.2195,-3.2128,-3.2061,-3.1994,-3.1928,-3.1861,-3.1794,-3.1727,-3.1659,-3.1592,-3.1525,-3.1458,-3.1390,-3.1323,-3.1255,-3.1188,-3.1120,-3.1052,-3.0984,-3.0917,-3.0849,-3.0781,-3.0713,-3.0645,-3.0577,-3.0509,-3.0440,-3.0372,-3.0304,-3.0236,-3.0167,-3.0099,-3.0030,-2.9962,-2.9893,-2.9825,-2.9756,-2.9688,-2.9619,-2.9550,-2.9482,-2.9413,-2.9344,-2.9275,-2.9207,-2.9138,-2.9069,-2.9000,-2.8931,-2.8862,-2.8793,-2.8724,-2.8655,-2.8586,-2.8517,-2.8448,-2.8379,-2.8309,-2.8240,-2.8171,-2.8102,-2.8033,-2.7964,-2.7894,-2.7825,-2.7756,-2.7687,-2.7617,-2.7548,-2.7479,-2.7409,-2.7340,-2.7271,-2.7201,-2.7132,-2.7062,-2.6993,-2.6924,-2.6854,-2.6785,-2.6715,-2.6646,-2.6577,-2.6507,-2.6438,-2.6368,-2.6299,-2.6229,-2.6160,-2.6091,-2.6021,-2.5952,-2.5882,-2.5813,-2.5743,-2.5674,-2.5604,-2.5535,-2.5466,-2.5396,-2.5327,-2.5257,-2.5188,-2.5118,-2.5049,-2.4980,-2.4910,-2.4841,-2.4771,-2.4702,-2.4633,-2.4563,-2.4494,-2.4424,-2.4355,-2.4286,-2.4216,-2.4147,-2.4078,-2.4008,-2.3939,-2.3870,-2.3800,-2.3731,-2.3662,-2.3593,-2.3523,-2.3454,-2.3385,-2.3316,-2.3246,-2.3177,-2.3108,-2.3039,-2.2970,-2.2900,-2.2831,-2.2762,-2.2693,-2.2624,-2.2555,-2.2486,-2.2417,-2.2348,-2.2279,-2.2210,-2.2141,-2.2072,-2.2003,-2.1934,-2.1865,-2.1796,-2.1727,-2.1658,-2.1589,-2.1520,-2.1452,-2.1383,-2.1314,-2.1245,-2.1176,-2.1108,-2.1039,-2.0970,-2.0902,-2.0833,-2.0764,-2.0696,-2.0627,-2.0558,-2.0490,-2.0421,-2.0353,-2.0284,-2.0216,-2.0147,-2.0079,-2.0010,-1.9942,-1.9874,-1.9805,-1.9737,-1.9669,-1.9600,-1.9532,-1.9464,-1.9395,-1.9327,-1.9259,-1.9191,-1.9123,-1.9055,-1.8986,-1.8918,-1.8850,-1.8782,-1.8714,-1.8646,-1.8578,-1.8510,-1.8442,-1.8375,-1.8307,-1.8239,-1.8171,-1.8103,-1.8035,-1.7968,-1.7900,-1.7832,-1.7765,-1.7697,-1.7629,-1.7562,-1.7494,-1.7427,-1.7359,-1.7292,-1.7224,-1.7157,-1.7089,-1.7022,-1.6954,-1.6887,-1.6820,-1.6752,-1.6685,-1.6618,-1.6551,-1.6484,-1.6416,-1.6349,-1.6282,-1.6215,-1.6148,-1.6081,-1.6014,-1.5947,-1.5880,-1.5813,-1.5746,-1.5679,-1.5613,-1.5546,-1.5479,-1.5412,-1.5346,-1.5279,-1.5212,-1.5146,-1.5079,-1.5012,-1.4946,-1.4879,-1.4813,-1.4746,-1.4680,-1.4613,-1.4547,-1.4481,-1.4414,-1.4348,-1.4282,-1.4216,-1.4149,-1.4083,-1.4017,-1.3951,-1.3885,-1.3819,-1.3753,-1.3687,-1.3621,-1.3555,-1.3489,-1.3423,-1.3357,-1.3291,-1.3225,-1.3160,-1.3094,-1.3028,-1.2963,-1.2897,-1.2831,-1.2766,-1.2700,-1.2635,-1.2569,-1.2504,-1.2438,-1.2373,-1.2307,-1.2242,-1.2177,-1.2112,-1.2046,-1.1981,-1.1916,-1.1851,-1.1786,-1.1721,-1.1655,-1.1590,-1.1525,-1.1460,-1.1395,-1.1331,-1.1266,-1.1201,-1.1136,-1.1071,-1.1007,-1.0942,-1.0877,-1.0812,-1.0748,-1.0683,-1.0619,-1.0554,-1.0490,-1.0425,-1.0361,-1.0296,-1.0232,-1.0168,-1.0103,-1.0039,-0.9975,-0.9911,-0.9846,-0.9782,-0.9718,-0.9654,-0.9590,-0.9526,-0.9462,-0.9398,-0.9334,-0.9270,-0.9206,-0.9142,-0.9079,-0.9015,-0.8951,-0.8887,-0.8824,-0.8760,-0.8697,-0.8633,-0.8569,-0.8506,-0.8442,-0.8379,-0.8316,-0.8252,-0.8189,-0.8126,-0.8062,-0.7999,-0.7936,-0.7873,-0.7810,-0.7746,-0.7683,-0.7620,-0.7557,-0.7494,-0.7431,-0.7368,-0.7306,-0.7243,-0.7180,-0.7117,-0.7054,-0.6992,-0.6929,-0.6866,-0.6804,-0.6741,-0.6679,-0.6616,-0.6554,-0.6491,-0.6429,-0.6366,-0.6304,-0.6242,-0.6179,-0.6117,-0.6055,-0.5993,-0.5931,-0.5868,-0.5806,-0.5744,-0.5682,-0.5620,-0.5558,-0.5496,-0.5435,-0.5373,-0.5311,-0.5249,-0.5187,-0.5126,-0.5064,-0.5002,-0.4941,-0.4879,-0.4818,-0.4756,-0.4695,-0.4633,-0.4572,-0.4510,-0.4449,-0.4388,-0.4326,-0.4265,-0.4204,-0.4143,-0.4082,-0.4021,-0.3960,-0.3898,-0.3837,-0.3776,-0.3716,-0.3655,-0.3594,-0.3533,-0.3472,-0.3411,-0.3351,-0.3290,-0.3229,-0.3169,-0.3108,-0.3047,-0.2987,-0.2926,-0.2866,-0.2806,-0.2745,-0.2685,-0.2624,-0.2564,-0.2504,-0.2444,-0.2383,-0.2323,-0.2263,-0.2203,-0.2143,-0.2083,-0.2023,-0.1963,-0.1903,-0.1843,-0.1783,-0.1724,-0.1664,-0.1604,-0.1544,-0.1485,-0.1425,-0.1365,-0.1306,-0.1246,-0.1187,-0.1127,-0.1068,-0.1009,-0.0949,-0.0890,-0.0831,-0.0771,-0.0712,-0.0653,-0.0594,-0.0535,-0.0475,-0.0416,-0.0357,-0.0298,-0.0239,-0.0180,-0.0122,-0.0063,-0.0004,0.0055,0.0114,0.0172,0.0231,0.0290,0.0348,0.0407,0.0465,0.0524,0.0582,0.0641,0.0699,0.0758,0.0816,0.0874,0.0933,0.0991,0.1049,0.1107,0.1165,0.1224,0.1282,0.1340,0.1398,0.1456,0.1513,0.1571,0.1629,0.1687,0.1745,0.1803,0.1860,0.1918,0.1976,0.2033,0.2091,0.2148,0.2206,0.2263,0.2321,0.2378,0.2436,0.2493,0.2550,0.2608,0.2665,0.2722,0.2779,0.2836,0.2894,0.2951,0.3008,0.3065,0.3122,0.3179,0.3235,0.3292,0.3349,0.3406,0.3463,0.3519,0.3576,0.3633,0.3689,0.3746,0.3803,0.3859,0.3916,0.3972,0.4028,0.4085,0.4141,0.4197,0.4254,0.4310,0.4366,0.4422,0.4479,0.4535,0.4591,0.4647,0.4703,0.4759,0.4815,0.4871,0.4926,0.4982,0.5038,0.5094,0.5150,0.5205,0.5261,0.5317,0.5372,0.5428,0.5483,0.5539,0.5594,0.5650,0.5705,0.5760,0.5816,0.5871,0.5926,0.5981,0.6037,0.6092,0.6147,0.6202,0.6257,0.6312,0.6367,0.6422,0.6477,0.6532,0.6587,0.6641,0.6696,0.6751,0.6806,0.6860,0.6915,0.6970,0.7024,0.7079,0.7133,0.7188,0.7242,0.7296,0.7351,0.7405,0.7459,0.7514,0.7568,0.7622,0.7676,0.7730,0.7784,0.7838,0.7892,0.7946,0.8000,0.8054,0.8108,0.8162,0.8216,0.8270,0.8323,0.8377,0.8431,0.8484,0.8538,0.8592,0.8645,0.8699,0.8752,0.8806,0.8859,0.8912,0.8966,0.9019,0.9072,0.9125,0.9179,0.9232,0.9285,0.9338,0.9391,0.9444,0.9497,0.9550,0.9603,0.9656,0.9709,0.9762,0.9814,0.9867,0.9920,0.9973,1.0025,1.0078,1.0130,1.0183,1.0236,1.0288,1.0340,1.0393,1.0445,1.0498,1.0550,1.0602,1.0654,1.0707,1.0759,1.0811,1.0863,1.0915,1.0967,1.1019,1.1071,1.1123,1.1175,1.1227,1.1279,1.1331,1.1382,1.1434,1.1486,1.1537,1.1589,1.1641,1.1692,1.1744,1.1795,1.1847,1.1898,1.1950,1.2001,1.2052,1.2104,1.2155,1.2206,1.2257,1.2308,1.2360,1.2411,1.2462,1.2513,1.2564,1.2615,1.2666,1.2717,1.2767,1.2818,1.2869,1.2920,1.2970,1.3021,1.3072,1.3122,1.3173,1.3224,1.3274,1.3325,1.3375,1.3425,1.3476,1.3526,1.3577,1.3627,1.3677,1.3727,1.3777,1.3828,1.3878,1.3928,1.3978,1.4028,1.4078,1.4128,1.4178,1.4228,1.4277,1.4327,1.4377,1.4427,1.4477,1.4526,1.4576,1.4626,1.4675,1.4725,1.4774,1.4824,1.4873,1.4922,1.4972,1.5021,1.5071,1.5120,1.5169,1.5218,1.5267,1.5317,1.5366,1.5415,1.5464,1.5513,1.5562,1.5611,1.5660,1.5709,1.5757,1.5806,1.5855,1.5904,1.5952,1.6001,1.6050,1.6098,1.6147,1.6196,1.6244,1.6293,1.6341,1.6389,1.6438,1.6486,1.6534,1.6583,1.6631,1.6679,1.6727,1.6775,1.6824,1.6872,1.6920,1.6968,1.7016,1.7064,1.7112,1.7159,1.7207,1.7255,1.7303,1.7351,1.7398,1.7446,1.7494,1.7541,1.7589,1.7636,1.7684,1.7731,1.7779,1.7826,1.7874,1.7921,1.7968,1.8016,1.8063,1.8110,1.8157,1.8204,1.8252,1.8299,1.8346,1.8393,1.8440,1.8487,1.8534,1.8580,1.8627,1.8674,1.8721,1.8768,1.8814,1.8861,1.8908,1.8954,1.9001,1.9048,1.9094,1.9141,1.9187,1.9233,1.9280,1.9326,1.9373,1.9419,1.9465,1.9511,1.9558,1.9604,1.9650,1.9696,1.9742,1.9788,1.9834,1.9880,1.9926,1.9972,2.0018,2.0064,2.0109,2.0155,2.0201,2.0247,2.0292,2.0338,2.0383,2.0429,2.0475,2.0520,2.0566,2.0611,2.0656,2.0702,2.0747,2.0792,2.0838,2.0883,2.0928,2.0973,2.1019,2.1064,2.1109,2.1154,2.1199,2.1244,2.1289,2.1334,2.1379,2.1423
-40,-0.0020,0.0993,0.1553,0.1985,0.2349,0.2668,0.2956,0.3219,0.3463,0.3691,0.3906,0.4109,0.4302,0.4487,0.4664,0.4835,0.4999,0.5157,0.5310,0.5459,0.5603,0.5743,0.5879,0.6012,0.6141,0.6268,0.6391,0.6512,0.6630,0.6746,0.6859,0.6970,0.7079,0.7186,0.7292,0.7395,0.7496,0.7596,0.7695,0.7791,0.7887,0.7980,0.8073,0.8164,0.8254,0.8342,0.8429,0.8516,0.8601,0.8684,0.8767,0.8849,0.8930,0.9010,0.9089,0.9167,0.9244,0.9320,0.9396,0.9470,0.9544,0.9617,0.9689,0.9761,0.9831,0.9901,0.9971,1.0039,1.0107,1.0175,1.0242,1.0308,1.0373,1.0438,1.0502,1.0566,1.0629,1.0692,1.0754,1.0816,1.0877,1.0937,1.0997,1.1057,1.1116,1.1174,1.1232,1.1290,1.1347,1.1404,1.1460,1.1516,1.1572,1.1627,1.1682,1.1736,1.1790,1.1843,1.1896,1.1949,1.2001,1.2053,1.2105,1.2156,1.2207,1.2258,1.2308,1.2358,1.2408,1.2457,1.2506,1.2555,1.2603,1.2651,1.2699,1.2746,1.2793,1.2840,1.2887,1.2933,1.2979,1.3024,1.3070,1.3115,1.3160,1.3205,1.3249,1.3293,1.3337,1.3380,1.3424,1.3467,1.3510,1.3552,1.3595,1.3637,1.3679,1.3721,1.3762,1.3803,1.3844,1.3885,1.3926,1.3966,1.4006,1.4046,1.4086,1.4125,1.4165,1.4204,1.4243,1.4281,1.4320,1.4358,1.4396,1.4434,1.4472,1.4510,1.4547,1.4584,1.4621,1.4658,1.4695,1.4731,1.4767,1.4804,1.4840,1.4875,1.4911,1.4946,1.4982,1.5017,1.5052,1.5087,1.5121,1.5156,1.5190,1.5224,1.5258,1.5292,1.5326,1.5359,1.5393,1.5426,1.5459,1.5492,1.5525,1.5558,1.5590,1.5623,1.5655,1.5687,1.5719,1.5751,1.5782,1.5814,1.5845,1.5877,1.5908,1.5939,1.5970,1.6001,1.6031,1.6062,1.6092,1.6122,1.6153,1.6183,1.6213,1.6242,1.6272,1.6302,1.6331,1.6360,1.6389,1.6419,1.6447,1.6476,1.6505,1.6534,1.6562,1.6591,1.6619,1.6647,1.6675,1.6703,1.6731,1.6759,1.6786,1.6814,1.6841,1.6869,1.6896,1.6923,1.6950,1.6977,1.7004,1.7030,1.7057,1.7083,1.7110,1.7136,1.7162,1.7188,1.7214,1.7240,1.7266,1.7292,1.7318,1.7343,1.7369,1.7394,1.7419,1.7444,1.7469,1.7494,1.7519,1.7544,1.7569,1.7594,1.7618,1.7643,1.7667,1.7691,1.7716,1.7740,1.7764,1.7788,1.7812,1.7835,1.7859,1.7883,1.7906,1.7930,1.7953,1.7976,1.8000,1.8023,1.8046,1.8069,1.8092,1.8115,1.8137,1.8160,1.8183,1.8205,1.8228,1.8250,1.8272,1.8294,1.8317,1.8339,1.8361,1.8383,1.8404,1.8426,1.8448,1.8470,1.8491,1.8513,1.8534,1.8555,1.8577,1.8598,1.8619,1.8640,1.8661,1.8682,1.8703,1.8724,1.8745,1.8765,1.8786,1.8807,1.8827,1.8847,1.8868,1.8888,1.8908,1.8928,1.8949,1.8969,1.8989,1.9008,1.9028,1.9048,1.9068,1.9087,1.9107,1.9127,1.9146,1.9165,1.9185,1.9204,1.9223,1.9242,1.9262,1.9281,1.9300,1.9319,1.9337,1.9356,1.9375,1.9394,1.9412,1.9431,1.9450,1.9468,1.9486,1.9505,1.9523,1.9541,1.9560,1.9578,1.9596,1.9614,1.9632,1.9650,1.9668,1.9685,1.9703,1.9721,1.9739,1.9756,1.9774,1.9791,1.9809,1.9826,1.9843,1.9861,1.9878,1.9895,1.9912,1.9929,1.9946,1.9963,1.9980,1.9997,2.0014,2.0031,2.0048,2.0064,2.0081,2.0097,2.0114,2.0131,2.0147,2.0163,2.0180,2.0196,2.0212,2.0228,2.0245,2.0261,2.0277,2.0293,2.0309,2.0325,2.0341,2.0356,2.0372,2.0388,2.0404,2.0419,2.0435,2.0451,2.0466,2.0482,2.0497,2.0512,2.0528,2.0543,2.0558,2.0574,2.0589,2.0604,2.0619,2.0634,2.0649,2.0664,2.0679,2.0694,2.0709,2.0723,2.0738,2.0753,2.0767,2.0782,2.0797,2.0811,2.0826,2.0840,2.0855,2.0869,2.0883,2.0898,2.0912,2.0926,2.0940,2.0954,2.0968,2.0983,2.0997,2.1011,2.1024,2.1038,2.1052,2.1066,2.1080,2.1094,2.1107,2.1121,2.1135,2.1148,2.1162,2.1175,2.1189,2.1202,2.1216,2.1229,2.1242,2.1256,2.1269,2.1282,2.1295,2.1309,2.1322,2.1335,2.1348,2.1361,2.1374,2.1387,2.1400,2.1412,2.1425,2.1438,2.1451,2.1464,2.1476,2.1489,2.1502,2.1514,2.1527,2.1539,2.1552,2.1564,2.1577,2.1589,2.1601,2.1614,2.1626,2.1638,2.1650,2.1663,2.1675,2.1687,2.1699,2.1711,2.1723,2.1735,2.1747,2.1759,2.1771,2.1783,2.1794,2.1806,2.1818,2.1830,2.1841,2.1853,2.1865,2.1876,2.1888,2.1899,2.1911,2.1922,2.1934,2.1945,2.1957,2.1968,2.1979,2.1991,2.2002,2.2013,2.2024,2.2035,2.2047,2.2058,2.2069,2.2080,2.2091,2.2102,2.2113,2.2124,2.2135,2.2145,2.2156,2.2167,2.2178,2.2189,2.2199,2.2210,2.2221,2.2231,2.2242,2.2253,2.2263,2.2274,2.2284,2.2295,2.2305,2.2315,2.2326,2.2336,2.2346,2.2357,2.2367,2.2377,2.2387,2.2398,2.2408,2.2418,2.2428,2.2438,2.2448,2.2458,2.2468,2.2478,2.2488,2.2498,2.2508,2.2518,2.2528,2.2537,2.2547,2.2557,2.2567,2.2576,2.2586,2.2596,2.2605,2.2615,2.2625,2.2634,2.2644,2.2653,2.2663,2.2672,2.2681,2.2691,2.2700,2.2710,2.2719,2.2728,2.2737,2.2747,2.2756,2.2765,2.2774,2.2783,2.2793,2.2802,2.2811,2.2820,2.2829,2.2838,2.2847,2.2856,2.2865,2.2874,2.2882,2.2891,2.2900,2.2909,2.2918,2.2926,2.2935,2.2944,2.2953,2.2961,2.2970,2.2978,2.2987,2.2996,2.3004,2.3013,2.3021,2.3030,2.3038,2.3047,2.3055,2.3063,2.3072,2.3080,2.3088,2.3097,2.3105,2.3113,2.3121,2.3130,2.3138,2.3146,2.3154,2.3162,2.3170,2.3178,2.3186,2.3194,2.3202,2.3210,2.3218,2.3226,2.3234,2.3242,2.3250,2.3258,2.3266,2.3273,2.3281,2.3289,2.3297,2.3304,2.3312,2.3320,2.3327,2.3335,2.3343,2.3350,2.3358,2.3365,2.3373,2.3380,2.3388,2.3395,2.3403,2.3410,2.3418,2.3425,2.3432,2.3440,2.3447,2.3454,2.3462,2.3469,2.3476,2.3483,2.3491,2.3498,2.3505,2.3512,2.3519,2.3526,2.3533,2.3540,2.3548,2.3555,2.3562,2.3569,2.3575,2.3582,2.3589,2.3596,2.3603,2.3610,2.3617,2.3624,2.3630,2.3637,2.3644,2.3651,2.3657,2.3664,2.3671,2.3678,2.3684,2.3691,2.3697,2.3704,2.3711,2.3717,2.3724,2.3730,2.3737,2.3743,2.3750,2.3756,2.3763,2.3769,2.3775,2.3782,2.3788,2.3794,2.3801,2.3807,2.3813,2.3820,2.3826,2.3832,2.3838,2.3844,2.3851,2.3857,2.3863,2.3869,2.3875,2.3881,2.3887,2.3893,2.3899,2.3905,2.3911,2.3917,2.3923,2.3929,2.3935,2.3941,2.3947,2.3953,2.3959,2.3965,2.3970,2.3976,2.3982,2.3988,2.3993,2.3999,2.4005,2.4011,2.4016,2.4022,2.4028,2.4033,2.4039,2.4044,2.4050,2.4056,2.4061,2.4067,2.4072,2.4078,2.4083,2.4089,2.4094,2.4099,2.4105,2.4110,2.4116,2.4121,2.4126,2.4132,2.4137,2.4142,2.4148,2.4153,2.4158,2.4163,2.4169,2.4174,2.4179,2.4184,2.4189,2.4194,2.4200,2.4205,2.4210,2.4215,2.4220,2.4225,2.4230,2.4235,2.4240,2.4245,2.4250,2.4255,2.4260,2.4265,2.4270,2.4274,2.4279,2.4284,2.4289,2.4294,2.4299,2.4303,2.4308,2.4313,2.4318,2.4322,2.4327,2.4332,2.4337,2.4341,2.4346,2.4351,2.4355,2.4360,2.4364,2.4369,2.4373,2.4378,2.4383,2.4387,2.4392,2.4396,2.4401,2.4405,2.4409,2.4414,2.4418,2.4423,2.4427,2.4431,2.4436,2.4440,2.4445,2.4449,2.4453,2.4457,2.4462,2.4466,2.4470,2.4474,2.4479,2.4483,2.4487,2.4491,2.4495,2.4500,2.4504,2.4508,2.4512,2.4516,2.4520,2.4524,2.4528,2.4532,2.4536,2.4540,2.4544,2.4548,2.4552,2.4556,2.4560,2.4564,2.4568,2.4572,2.4576,2.4579,2.4583,2.4587,2.4591,2.4595,2.4599,2.4602,2.4606,2.4610,2.4614,2.4617,2.4621,2.4625,2.4628,2.4632,2.4636,2.4639,2.4643,2.4647,2.4650,2.4654,2.4658,2.4661,2.4665,2.4668,2.4672,2.4675,2.4679,2.4682,2.4686,2.4689,2.4693,2.4696,2.4699,2.4703,2.4706,2.4710,2.4713,2.4716,2.4720,2.4723,2.4726,2.4730,2.4733,2.4736,2.4740,2.4743,2.4746,2.4749,2.4753,2.4756,2.4759,2.4762,2.4765,2.4768,2.4772,2.4775,2.4778,2.4781,2.4784,2.4787,2.4790,2.4793,2.4796,2.4799,2.4802,2.4805,2.4808,2.4811,2.4814,2.4817,2.4820,2.4823,2.4826,2.4829,2.4832,2.4835,2.4838,2.4841,2.4843,2.4846,2.4849,2.4852,2.4855,2.4857,2.4860,2.4863,2.4866,2.4869,2.4871,2.4874,2.4877,2.4879,2.4882,2.4885,2.4887,2.4890,2.4893,2.4895,2.4898,2.4901,2.4903,2.4906,2.4908,2.4911,2.4913,2.4916,2.4918,2.4921,2.4923,2.4926,2.4928,2.4931,2.4933,2.4936,2.4938,2.4941,2.4943,2.4945,2.4948,2.4950,2.4953,2.4955,2.4957,2.4960,2.4962,2.4964,2.4966,2.4969,2.4971,2.4973,2.4976,2.4978,2.4980,2.4982,2.4984,2.4987,2.4989,2.4991,2.4993,2.4995,2.4997,2.5000,2.5002,2.5004,2.5006,2.5008,2.5010,2.5012
-40,6.4269,6.8223,7.0287,7.1823,7.3076,7.4145,7.5084,7.5923,7.6683,7.7379,7.8021,7.8617,7.9173,7.9694,8.0185,8.0648,8.1086,8.1502,8.1898,8.2275,8.2635,8.2979,8.3308,8.3624,8.3927,8.4219,8.4499,8.4769,8.5029,8.5280,8.5522,8.5755,8.5981,8.6199,8.6410,8.6615,8.6812,8.7004,8.7190,8.7370,8.7545,8.7714,8.7878,8.8038,8.8193,8.8344,8.8490,8.8632,8.8771,8.8905,8.9036,8.9163,8.9286,8.9407,8.9524,8.9637,8.9748,8.9856,8.9961,9.0064,9.0163,9.0260,9.0354,9.0446,9.0536,9.0623,9.0708,9.0791,9.0871,9.0950,9.1026,9.1101,9.1173,9.1244,9.1312,9.1379,9.1444,9.1508,9.1570,9.1630,9.1688,9.1745,9.1801,9.1855,9.1908,9.1959,9.2008,9.2057,9.2104,9.2150,9.2194,9.2237,9.2279,9.2320,9.2360,9.2398,9.2435,9.2472,9.2507,9.2541,9.2574,9.2606,9.2637,9.2667,9.2697,9.2725,9.2752,9.2779,9.2804,9.2829,9.2853,9.2876,9.2898,9.2919,9.2940,9.2959,9.2978,9.2997,9.3014,9.3031,9.3047,9.3063,9.3077,9.3091,9.3105,9.3118,9.3130,9.3141,9.3152,9.3163,9.3172,9.3181,9.3190,9.3198,9.3205,9.3212,9.3219,9.3225,9.3230,9.3235,9.3239,9.3243,9.3246,9.3249,9.3252,9.3254,9.3255,9.3256,9.3257,9.3257,9.3257,9.3257,9.3257,9.3257,9.3257,9.3257,9.3257,9.3257,9.3257,9.3257,9.3257,9.3257,9.3257,9.3257,9.3257,9.3257,9.3257,9.3257,9.3257,9.3257,9.3257,9.3257,9.3257,9.3257,9.3257,9.3257,9.3257,9.3257,9.3257,9.3257,9.3257,9.3257,9.3257,9.3257,9.3257,9.3257,9.3257,9.3257,9.3257,9.3257,9.3257,9.3257,9.3257,9.3257,9.3257,9.3257,9.3257,9.3257,9.3257,9.3257,9.3257,9.3257,9.3257,9.3257,9.3257,9.3257,9.3257,9.3257,9.3257,9.3257,9.3257,9.3257,9.3257,9.3257,9.3257,9.3257,9.3257,9.3257,9.3257,9.3257,9.3257,9.3257,9.3257,9.3257,9.3257,9.3257,9.3257,9.3257,9.3257,9.3257,9.3257,9.3257,9.3257,9.3257,9.3257,9.3257,9.3257,9.3257,9.3257,9.3257,9.3257,9.3257,9.3257,9.3257,9.3257,9.3257,9.3257,9.3257,9.3257,9.3257,9.3257,9.3257,9.3257,9.3257,9.3257,9.3257,9.3257,9.3257,9.3257,9.3257,9.3257,9.3257,9.3257,9.3257,9.3257,9.3257,9.3257,9.3257,9.3257,9.3257,9.3257,9.3257,9.3257,9.3257,9.3257,9.3257,9.3257,9.3257,9.3257,9.3257,9.3257,9.3257,9.3257,9.3257,9.3257,9.3257,9.3257,9.3257,9.3257,9.3257,9.3257,9.3257,9.3257,9.3257,9.3257,9.3257,9.3257,9.3257,9.3257,9.3257,9.3257,9.3257,9.3257,9.3257,9.3257,9.3257,9.3257,9.3257,9.3257,9.3257,9.3257,9.3257,9.3257,9.3257,9.3257,9.3257,9.3257,9.3257,9.3257,9.3257,9.3257,9.3257,9.3257,9.3257,9.3257,9.3257,9.3257,9.3257,9.3257,9.3257,9.3257,9.3257,9.3257,9.3257,9.3257,9.3257,9.3257,9.3257,9.3257,9.3257,9.3257,9.3257,9.3257,9.3257,9.3257,9.3257,9.3257,9.3257,9.3257,9.3257,9.3257,9.3257,9.3257,9.3257,9.3257,9.3257,9.3257,9.3257,9.3257,9.3257,9.3257,9.3257,9.3257,9.3257,9.3257,9.3257,9.3257,9.3257,9.3257,9.3257,9.3257,9.3257,9.3257,9.3257,9.3257,9.3257,9.3257,9.3257,9.3257,9.3257,9.3257,9.3257,9.3257,9.3257,9.3257,9.3257,9.3257,9.3257,9.3257,9.3257,9.3257,9.3257,9.3257,9.3257,9.3257,9.3257,9.3257,9.3257,9.3257,9.3257,9.3257,9.3257,9.3257,9.3257,9.3257,9.3257,9.3257,9.3257,9.3257,9.3257,9.3257,9.3257,9.3257,9.3257,9.3257,9.3257,9.3257,9.3257,9.3257,9.3257,9.3257,9.3257,9.3257,9.3257,9.3257,9.3257,9.3257,9.3257,9.3257,9.3257,9.3257,9.3257,9.3257,9.3257,9.3257,9.3257,9.3257,9.3257,9.3257,9.3257,9.3257,9.3257,9.3257,9.3257,9.3257,9.3257,9.3257,9.3257,9.3257,9.3257,9.3257,9.3257,9.3257,9.3257,9.3257,9.3257,9.3257,9.3257,9.3257,9.3257,9.3257,9.3257,9.3257,9.3257,9.3257,9.3257,9.3257,9.3257,9.3257,9.3257,9.3257,9.3257,9.3257,9.3257,9.3257,9.3257,9.3257,9.3257,9.3257,9.3257,9.3257,9.3257,9.3257,9.3257,9.3257,9.3257,9.3257,9.3257,9.3257,9.3257,9.3257,9.3257,9.3257,9.3257,9.3257,9.3257,9.3257,9.3257,9.3257,9.3257,9.3257,9.3257,9.3257,9.3257,9.3257,9.3257,9.3257,9.3257,9.3257,9.3257,9.3257,9.3257,9.3257,9.3257,9.3257,9.3257,9.3257,9.3257,9.3257,9.3257,9.3257,9.3257,9.3257,9.3257,9.3257,9.3257,9.3257,9.3257,9.3257,9.3257,9.3257,9.3257,9.3257,9.3257,9.3257,9.3257,9.3257,9.3257,9.3257,9.3257,9.3257,9.3257,9.3257,9.3257,9.3257,9.3257,9.3257,9.3257,9.3257,9.3257,9.3257,9.3257,9.3257,9.3257,9.3257,9.3257,9.3257,9.3257,9.3257,9.3257,9.3257,9.3257,9.3257,9.3257,9.3257,9.3257,9.3257,9.3257,9.3257,9.3257,9.3257,9.3257,9.3257,9.3257,9.3257,9.3257,9.3257,9.3257,9.3257,9.3257,9.3257,9.3257,9.3257,9.3257,9.3257,9.3257,9.3257,9.3257,9.3257,9.3257,9.3257,9.3257,9.3257,9.3257,9.3257,9.3257,9.3257,9.3257,9.3257,9.3257,9.3257,9.3257,9.3257,9.3257,9.3257,9.3257,9.3257,9.3257,9.3257,9.3257,9.3257,9.3257,9.3257,9.3257,9.3257,9.3257,9.3257,9.3257,9.3257,9.3257,9.3257,9.3257,9.3257,9.3257,9.3257,9.3257,9.3257,9.3257,9.3257,9.3257,9.3257,9.3257,9.3257,9.3257,9.3257,9.3257,9.3257,9.3257,9.3257,9.3257,9.3257,9.3257,9.3257,9.3257,9.3257,9.3257,9.3257,9.3257,9.3257,9.3257,9.3257,9.3257,9.3257,9.3257,9.3257,9.3257,9.3257,9.3257,9.3257,9.3257,9.3257,9.3257,9.3257,9.3257,9.3257,9.3257,9.3257,9.3257,9.3257,9.3257,9.3257,9.3257,9.3257,9.3257,9.3257,9.3257,9.3257,9.3257,9.3257,9.3257,9.3257,9.3257,9.3257,9.3257,9.3257,9.3257,9.3257,9.3257,9.3257,9.3257,9.3257,9.3257,9.3257,9.3257,9.3257,9.3257,9.3257,9.3257,9.3257,9.3257,9.3257,9.3257,9.3257,9.3257,9.3257,9.3257,9.3257,9.3257,9.3257,9.3257,9.3257,9.3257,9.3257,9.3257,9.3257,9.3257,9.3257,9.3257,9.3257,9.3257,9.3257,9.3257,9.3257,9.3257,9.3257,9.3257,9.3257,9.3257,9.3257,9.3257,9.3257,9.3257,9.3257,9.3257,9.3257,9.3257,9.3257,9.3257,9.3257,9.3257,9.3257,9.3257,9.3257,9.3257,9.3257,9.3257,9.3257,9.3257,9.3257,9.3257,9.3257,9.3257,9.3257,9.3257,9.3257,9.3257,9.3257,9.3257,9.3257,9.3257,9.3257,9.3257,9.3257,9.3257,9.3257,9.3257,9.3257,9.3257,9.3257,9.3257,9.3257,9.3257,9.3257,9.3257,9.3257,9.3257,9.3257,9.3257,9.3257,9.3257,9.3257,9.3257,9.3257,9.3257,9.3257,9.3257,9.3257,9.3257,9.3257,9.3257,9.3257,9.3257,9.3257,9.3257,9.3257,9.3257,9.3257,9.3257,9.3257,9.3257,9.3257,9.3257,9.3257,9.3257,9.3257,9.3257,9.3257,9.3257,9.3257,9.3257,9.3257,9.3257,9.3257,9.3257,9.3257,9.3257,9.3257,9.3257,9.3257,9.3257,9.3257,9.3257,9.3257,9.3257,9.3257,9.3257,9.3257,9.3257,9.3257,9.3257,9.3257,9.3257,9.3257,9.3257,9.3257,9.3257,9.3257,9.3257,9.3257,9.3257,9.3257,9.3257,9.3257,9.3257,9.3257,9.3257,9.3257,9.3257,9.3257,9.3257,9.3257,9.3257,9.3257,9.3257,9.3257,9.3257,9.3257,9.3257,9.3257,9.3257,9.3257,9.3257,9.3257,9.3257,9.3257,9.3257,9.3257,9.3257,9.3257,9.3257,9.3257,9.3257,9.3257,9.3257,9.3257,9.3257,9.3257,9.3257,9.3257,9.3257,9.3257,9.3257,9.3257,9.3257,9.3257,9.3257,9.3257,9.3257,9.3257,9.3257,9.3257,9.3257,9.3257,9.3257,9.3257,9.3257,9.3257,9.3257,9.3257,9.3257,9.3257,9.3257,9.3257,9.3257,9.3257,9.3257,9.3257,9.3257,9.3257,9.3257,9.3257,9.3257,9.3257,9.3257,9.3257,9.3257,9.3257,9.3257,9.3257,9.3257,9.3257,9.3257,9.3257,9.3257,9.3257,9.3257,9.3257,9.3257,9.3257,9.3257,9.3257,9.3257,9.3257,9.3257,9.3257,9.3264,9.3301,9.3339,9.3377,9.3415,9.3453,9.3492,9.3530,9.3568,9.3607,9.3646,9.3685,9.3724,9.3763,9.3802,9.3841,9.3880,9.3920,9.3960,9.3999,9.4039,9.4079,9.4119,9.4159,9.4200,9.4240,9.4281,9.4321,9.4362,9.4403,9.4444,9.4485,9.4526,9.4568,9.4609,9.4651,9.4692,9.4734,9.4776,9.4818,9.4860,9.4902,9.4945,9.4987,9.5030,9.5072,9.5115,9.5158,9.5201,9.5244,9.5288,9.5331,9.5374,9.5418,9.5462,9.5506,9.5550,9.5594,9.5638,9.5682,9.5726,9.5771,9.5816,9.5860,9.5905,9.5950,9.5995,9.6040,9.6086,9.6131,9.6177,9.6222,9.6268,9.6314,9.6360,9.6406,9.6452,9.6499,9.6545,9.6592,9.6638,9.6685,9.6732,9.6779,9.6826,9.6873,9.6921,9.6968,9.7016,9.7063,9.7111,9.7159,9.7207,9.7255,9.7303,9.7352,9.7400,9.7449,9.7498,9.7546,9.7595
-40,6.6999,7.0219,7.1987,7.3347,7.4488,7.5487,7.6383,7.7201,7.7958,7.8663,7.9325,7.9951,8.0546,8.1112,8.1654,8.2173,8.2672,8.3154,8.3618,8.4067,8.4503,8.4925,8.5335,8.5733,8.6122,8.6500,8.6868,8.7228,8.7580,8.7923,8.8259,8.8588,8.8911,8.9226,8.9536,8.9839,9.0137,9.0429,9.0716,9.0999,9.1276,9.1548,9.1816,9.2080,9.2340,9.2595,9.2847,9.3095,9.3339,9.3579,9.3816,9.4050,9.4281,9.4508,9.4732,9.4954,9.5172,9.5387,9.5600,9.5810,9.6018,9.6223,9.6425,9.6625,9.6823,9.7018,9.7211,9.7402,9.7590,9.7777,9.7961,9.8143,9.8324,9.8502,9.8679,9.8853,9.9026,9.9197,9.9366,9.9533,9.9699,9.9863,10.0026,10.0186,10.0346,10.0503,10.0659,10.0814,10.0967,10.1119,10.1269,10.1418,10.1566,10.1712,10.1856,10.2000,10.2142,10.2283,10.2422,10.2561,10.2698,10.2834,10.2969,10.3102,10.3235,10.3366,10.3496,10.3625,10.3753,10.3880,10.4006,10.4131,10.4254,10.4377,10.4499,10.4620,10.4739,10.4858,10.4976,10.5093,10.5209,10.5324,10.5438,10.5551,10.5663,10.5775,10.5885,10.5995,10.6104,10.6212,10.6319,10.6425,10.6531,10.6635,10.6739,10.6843,10.6945,10.7047,10.7147,10.7248,10.7347,10.7445,10.7543,10.7641,10.7737,10.7833,10.7928,10.8022,10.8116,10.8209,10.8301,10.8393,10.8484,10.8574,10.8664,10.8753,10.8841,10.8929,10.9016,10.9103,10.9188,10.9274,10.9358,10.9443,10.9526,10.9609,10.9691,10.9773,10.9854,10.9935,11.0015,11.0095,11.0174,11.0252,11.0330,11.0407,11.0484,11.0560,11.0636,11.0711,11.0786,11.0860,11.0934,11.1007,11.1080,11.1152,11.1224,11.1295,11.1366,11.1436,11.1506,11.1575,11.1644,11.1712,11.1780,11.1848,11.1915,11.1981,11.2047,11.2113,11.2178,11.2243,11.2307,11.2371,11.2434,11.2497,11.2560,11.2622,11.2684,11.2745,11.2806,11.2867,11.2927,11.2987,11.3046,11.3105,11.3163,11.3222,11.3279,11.3337,11.3394,11.3450,11.3506,11.3562,11.3618,11.3673,11.3727,11.3782,11.3836,11.3889,11.3942,11.3995,11.4048,11.4100,11.4152,11.4203,11.4254,11.4305,11.4356,11.4406,11.4455,11.4505,11.4554,11.4603,11.4651,11.4699,11.4747,11.4794,11.4841,11.4888,11.4934,11.4981,11.5026,11.5072,11.5117,11.5162,11.5206,11.5251,11.5295,11.5338,11.5381,11.5424,11.5467,11.5510,11.5552,11.5594,11.5635,11.5676,11.5717,11.5758,11.5798,11.5838,11.5878,11.5918,11.5957,11.5996,11.6035,11.6073,11.6111,11.6149,11.6186,11.6224,11.6261,11.6298,11.6334,11.6370,11.6406,11.6442,11.6477,11.6513,11.6547,11.6582,11.6617,11.6651,11.6685,11.6718,11.6752,11.6785,11.6818,11.6850,11.6883,11.6915,11.6947,11.6978,11.7010,11.7041,11.7072,11.7102,11.7133,11.7163,11.7193,11.7223,11.7252,11.7281,11.7311,11.7339,11.7368,11.7396,11.7424,11.7452,11.7480,11.7507,11.7535,11.7561,11.7588,11.7615,11.7641,11.7667,11.7693,11.7719,11.7744,11.7769,11.7794,11.7819,11.7844,11.7868,11.7892,11.7916,11.7940,11.7964,11.7987,11.8010,11.8033,11.8056,11.8078,11.8101,11.8123,11.8145,11.8166,11.8188,11.8209,11.8230,11.8251,11.8272,11.8292,11.8313,11.8333,11.8353,11.8372,11.8392,11.8411,11.8430,11.8449,11.8468,11.8487,11.8505,11.8523,11.8541,11.8559,11.8577,11.8594,11.8612,11.8629,11.8646,11.8663,11.8679,11.8695,11.8712,11.8728,11.8744,11.8759,11.8775,11.8790,11.8805,11.8820,11.8835,11.8850,11.8864,11.8878,11.8892,11.8906,11.8920,11.8934,11.8947,11.8960,11.8973,11.8986,11.8999,11.9012,11.9024,11.9036,11.9048,11.9060,11.9072,11.9084,11.9095,11.9106,11.9117,11.9128,11.9139,11.9150,11.9160,11.9170,11.9181,11.9191,11.9200,11.9210,11.9220,11.9229,11.9238,11.9247,11.9256,11.9265,11.9273,11.9282,11.9290,11.9298,11.9306,11.9314,11.9322,11.9329,11.9337,11.9344,11.9351,11.9358,11.9365,11.9371,11.9378,11.9384,11.9390,11.9397,11.9402,11.9408,11.9414,11.9419,11.9425,11.9430,11.9435,11.9440,11.9445,11.9449,11.9454,11.9458,11.9462,11.9466,11.9470,11.9474,11.9478,11.9481,11.9485,11.9488,11.9491,11.9494,11.9497,11.9500,11.9502,11.9505,11.9507,11.9509,11.9511,11.9513,11.9515,11.9517,11.9518,11.9519,11.9521,11.9522,11.9523,11.9524,11.9524,11.9525,11.9526,11.9526,11.9526,11.9526,11.9526,11.9526,11.9526,11.9526,11.9526,11.9526,11.9526,11.9526,11.9526,11.9526,11.9526,11.9526,11.9526,11.9526,11.9526,11.9526,11.9526,11.9526,11.9526,11.9526,11.9526,11.9526,11.9526,11.9526,11.9526,11.9526,11.9526,11.9526,11.9526,11.9526,11.9526,11.9526,11.9526,11.9526,11.9526,11.9526,11.9526,11.9526,11.9526,11.9526,11.9526,11.9526,11.9526,11.9526,11.9526,11.9526,11.9526,11.9526,11.9526,11.9526,11.9526,11.9526,11.9526,11.9526,11.9526,11.9526,11.9526,11.9526,11.9526,11.9526,11.9526,11.9526,11.9526,11.9526,11.9526,11.9526,11.9526,11.9526,11.9526,11.9526,11.9526,11.9526,11.9526,11.9526,11.9526,11.9526,11.9526,11.9526,11.9526,11.9526,11.9526,11.9526,11.9526,11.9526,11.9526,11.9526,11.9526,11.9526,11.9526,11.9526,11.9526,11.9526,11.9526,11.9526,11.9526,11.9526,11.9526,11.9526,11.9526,11.9526,11.9526,11.9526,11.9526,11.9526,11.9526,11.9526,11.9526,11.9526,11.9526,11.9526,11.9526,11.9526,11.9526,11.9526,11.9526,11.9526,11.9526,11.9526,11.9526,11.9526,11.9526,11.9526,11.9526,11.9526,11.9526,11.9526,11.9526,11.9526,11.9526,11.9526,11.9526,11.9526,11.9526,11.9526,11.9526,11.9526,11.9526,11.9526,11.9526,11.9526,11.9526,11.9526,11.9526,11.9526,11.9526,11.9526,11.9526,11.9526,11.9526,11.9526,11.9526,11.9526,11.9526,11.9526,11.9526,11.9526,11.9526,11.9526,11.9526,11.9526,11.9526,11.9526,11.9526,11.9526,11.9526,11.9526,11.9526,11.9526,11.9526,11.9526,11.9526,11.9526,11.9526,11.9526,11.9526,11.9526,11.9526,11.9526,11.9526,11.9526,11.9526,11.9526,11.9526,11.9526,11.9526,11.9526,11.9526,11.9526,11.9526,11.9526,11.9526,11.9526,11.9526,11.9526,11.9526,11.9526,11.9526,11.9526,11.9526,11.9526,11.9526,11.9526,11.9526,11.9526,11.9526,11.9526,11.9526,11.9526,11.9526,11.9526,11.9526,11.9526,11.9526,11.9526,11.9526,11.9526,11.9526,11.9526,11.9526,11.9526,11.9526,11.9526,11.9526,11.9526,11.9526,11.9526,11.9526,11.9526,11.9526,11.9526,11.9526,11.9526,11.9526,11.9526,11.9526,11.9526,11.9526,11.9526,11.9526,11.9526,11.9526,11.9526,11.9526,11.9526,11.9526,11.9526,11.9526,11.9526,11.9526,11.9526,11.9526,11.9526,11.9526,11.9526,11.9526,11.9526,11.9526,11.9526,11.9526,11.9526,11.9526,11.9526,11.9526,11.9526,11.9526,11.9526,11.9526,11.9526,11.9526,11.9526,11.9526,11.9526,11.9526,11.9526,11.9526,11.9526,11.9526,11.9526,11.9526,11.9526,11.9526,11.9526,11.9526,11.9526,11.9526,11.9526,11.9526,11.9526,11.9526,11.9526,11.9526,11.9526,11.9526,11.9526,11.9526,11.9526,11.9526,11.9526,11.9526,11.9526,11.9526,11.9526,11.9526,11.9526,11.9526,11.9526,11.9526,11.9526,11.9526,11.9526,11.9526,11.9526,11.9526,11.9526,11.9526,11.9526,11.9526,11.9526,11.9526,11.9526,11.9526,11.9526,11.9526,11.9526,11.9526,11.9526,11.9526,11.9526,11.9526,11.9526,11.9526,11.9526,11.9526,11.9526,11.9526,11.9526,11.9526,11.9526,11.9526,11.9526,11.9526,11.9526,11.9526,11.9526,11.9526,11.9526,11.9526,11.9526,11.9526,11.9526,11.9526,11.9526,11.9526,11.9526,11.9526,11.9526,11.9526,11.9526,11.9526,11.9526,11.9526,11.9526,11.9526,11.9526,11.9526,11.9526,11.9526,11.9526,11.9526,11.9526,11.9526,11.9526,11.9526,11.9526,11.9526,11.9526,11.9526,11.9526,11.9526,11.9526,11.9526,11.9526,11.9526,11.9526,11.9526,11.9526,11.9526,11.9526,11.9526,11.9526,11.9526,11.9526,11.9526,11.9526,11.9526,11.9526,11.9526,11.9526,11.9526,11.9526,11.9526,11.9526,11.9526,11.9526,11.9526,11.9526,11.9526,11.9526,11.9526,11.9526,11.9526,11.9526,11.9526,11.9526,11.9526,11.9526,11.9526,11.9526,11.9526,11.9526,11.9526,11.9526,11.9526,11.9526,11.9526,11.9526,11.9526,11.9526,11.9526,11.9526,11.9526,11.9526,11.9526,11.9526,11.9526,11.9526,11.9526,11.9526,11.9526,11.9526,11.9526,11.9526,11.9526,11.9526,11.9526,11.9526,11.9526,11.9526,11.9526,11.9526,11.9526,11.9526,11.9526,11.9526,11.9526,11.9526,11.9526,11.9526,11.9526,11.9526,11.9526,11.9526,11.9526,11.9526,11.9526,11.9526,11.9526,11.9526,11.9526,11.9526,11.9526,11.9526,11.9526,11.9526,11.9526,11.9526,11.9526,11.9526,11.9526,11.9526,11.9526,11.9526,11.9526,11.9526,11.9526,11.9526,11.9526,11.9526,11.9526,11.9526,11.9526,11.9526,11.9526,11.9526,11.9526,11.9526,11.9526,11.9526,11.9526,11.9526,11.9526,11.9526,11.9526,11.9526,11.9526,11.9526,11.9526,11.9526,11.9526,11.9526,11.9526,11.9526,11.9526,11.9526,11.9526,11.9526,11.9526,11.9526,11.9526,11.9526,11.9526,11.9526,11.9526,11.9526,11.9526,11.9526,11.9526,11.9526,11.9526,11.9526,11.9526,11.9526,11.9526,11.9526,11.9526,11.9526,11.9526,11.9526,11.9526,11.9526,11.9526,11.9526,11.9526,11.9526,11.9526,11.9526,11.9526,11.9526,11.9526,11.9526,11.9526
-40,4.3302,4.1180,4.0091,3.9289,3.8641,3.8093,3.7616,3.7193,3.6812,3.6467,3.6150,3.5859,3.5588,3.5337,3.5101,3.4881,3.4673,3.4478,3.4293,3.4119,3.3953,3.3796,3.3646,3.3504,3.3368,3.3239,3.3115,3.2997,3.2884,3.2775,3.2672,3.2572,3.2477,3.2386,3.2298,3.2214,3.2133,3.2055,3.1981,3.1909,3.1840,3.1774,3.1710,3.1649,3.1590,3.1533,3.1478,3.1426,3.1375,3.1326,3.1279,3.1234,3.1191,3.1150,3.1109,3.1071,3.1034,3.0998,3.0964,3.0931,3.0900,3.0870,3.0841,3.0813,3.0786,3.0761,3.0736,3.0713,3.0691,3.0669,3.0649,3.0630,3.0611,3.0593,3.0577,3.0561,3.0545,3.0531,3.0518,3.0505,3.0493,3.0481,3.0471,3.0461,3.0451,3.0443,3.0435,3.0427,3.0420,3.0414,3.0408,3.0403,3.0398,3.0394,3.0391,3.0388,3.0385,3.0383,3.0381,3.0380,3.0379,3.0379,3.0379,3.0379,3.0380,3.0381,3.0383,3.0385,3.0387,3.0390,3.0393,3.0396,3.0400,3.0404,3.0409,3.0413,3.0418,3.0424,3.0429,3.0435,3.0441,3.0447,3.0454,3.0461,3.0468,3.0475,3.0483,3.0491,3.0499,3.0507,3.0515,3.0524,3.0533,3.0542,3.0551,3.0561,3.0571,3.0580,3.0590,3.0601,3.0611,3.0621,3.0632,3.0643,3.0654,3.0665,3.0676,3.0688,3.0699,3.0711,3.0722,3.0734,3.0746,3.0759,3.0771,3.0783,3.0796,3.0808,3.0821,3.0834,3.0847,3.0859,3.0873,3.0886,3.0899,3.0912,3.0926,3.0939,3.0953,3.0966,3.0980,3.0994,3.1007,3.1021,3.1035,3.1049,3.1063,3.1077,3.1091,3.1106,3.1120,3.1134,3.1148,3.1163,3.1177,3.1192,3.1206,3.1220,3.1235,3.1250,3.1264,3.1279,3.1293,3.1308,3.1323,3.1337,3.1352,3.1367,3.1382,3.1396,3.1411,3.1426,3.1441,3.1455,3.1470,3.1485,3.1500,3.1514,3.1529,3.1544,3.1559,3.1574,3.1588,3.1603,3.1618,3.1633,3.1647,3.1662,3.1677,3.1691,3.1706,3.1721,3.1735,3.1750,3.1765,3.1779,3.1794,3.1808,3.1823,3.1837,3.1852,3.1866,3.1880,3.1895,3.1909,3.1923,3.1938,3.1952,3.1966,3.1980,3.1994,3.2009,3.2023,3.2037,3.2051,3.2065,3.2078,3.2092,3.2106,3.2120,3.2134,3.2147,3.2161,3.2175,3.2188,3.2202,3.2215,3.2228,3.2242,3.2255,3.2268,3.2281,3.2295,3.2308,3.2321,3.2334,3.2347,3.2359,3.2372,3.2385,3.2398,3.2410,3.2423,3.2435,3.2448,3.2460,3.2473,3.2485,3.2497,3.2509,3.2521,3.2533,3.2545,3.2557,3.2569,3.2581,3.2593,3.2604,3.2616,3.2627,3.2639,3.2650,3.2661,3.2673,3.2684,3.2695,3.2706,3.2717,3.2728,3.2738,3.2749,3.2760,3.2770,3.2781,3.2791,3.2802,3.2812,3.2822,3.2832,3.2842,3.2852,3.2862,3.2872,3.2882,3.2891,3.2901,3.2910,3.2920,3.2929,3.2938,3.2948,3.2957,3.2966,3.2975,3.2984,3.2992,3.3001,3.3010,3.3018,3.3027,3.3035,3.3043,3.3051,3.3060,3.3068,3.3076,3.3083,3.3091,3.3099,3.3106,3.3114,3.3121,3.3129,3.3136,3.3143,3.3150,3.3157,3.3164,3.3171,3.3178,3.3184,3.3191,3.3197,3.3204,3.3210,3.3216,3.3222,3.3228,3.3234,3.3240,3.3246,3.3251,3.3257,3.3263,3.3268,3.3273,3.3278,3.3283,3.3288,3.3293,3.3298,3.3303,3.3308,3.3312,3.3317,3.3321,3.3325,3.3329,3.3333,3.3337,3.3341,3.3345,3.3349,3.3352,3.3356,3.3359,3.3363,3.3366,3.3369,3.3372,3.3375,3.3378,3.3380,3.3383,3.3386,3.3388,3.3390,3.3393,3.3395,3.3397,3.3399,3.3401,3.3402,3.3404,3.3405,3.3407,3.3408,3.3410,3.3411,3.3412,3.3413,3.3414,3.3414,3.3415,3.3416,3.3416,3.3416,3.3417,3.3417,3.3417,3.3417,3.3417,3.3417,3.3416,3.3416,3.3415,3.3415,3.3414,3.3413,3.3412,3.3411,3.3410,3.3409,3.3407,3.3406,3.3404,3.3403,3.3401,3.3399,3.3397,3.3395,3.3393,3.3390,3.3388,3.3386,3.3383,3.3380,3.3378,3.3375,3.3372,3.3369,3.3365,3.3362,3.3359,3.3355,3.3351,3.3348,3.3344,3.3340,3.3336,3.3332,3.3328,3.3323,3.3319,3.3314,3.3310,3.3305,3.3300,3.3295,3.3290,3.3285,3.3279,3.3274,3.3269,3.3263,3.3257,3.3251,3.3246,3.3240,3.3233,3.3227,3.3221,3.3214,3.3208,3.3201,3.3194,3.3188,3.3181,3.3174,3.3166,3.3159,3.3152,3.3144,3.3137,3.3129,3.3121,3.3113,3.3105,3.3097,3.3089,3.3080,3.3072,3.3063,3.3055,3.3046,3.3037,3.3028,3.3019,3.3010,3.3000,3.2991,3.2981,3.2972,3.2962,3.2952,3.2942,3.2932,3.2922,3.2912,3.2901,3.2891,3.2880,3.2870,3.2859,3.2848,3.2837,3.2826,3.2815,3.2803,3.2792,3.2780,3.2769,3.2757,3.2745,3.2733,3.2721,3.2709,3.2696,3.2684,3.2671,3.2659,3.2646,3.2633,3.2620,3.2607,3.2594,3.2581,3.2567,3.2554,3.2540,3.2526,3.2513,3.2499,3.2485,3.2470,3.2456,3.2442,3.2427,3.2413,3.2398,3.2383,3.2368,3.2353,3.2338,3.2323,3.2308,3.2292,3.2277,3.2261,3.2245,3.2229,3.2213,3.2197,3.2181,3.2165,3.2148,3.2132,3.2115,3.2099,3.2082,3.2065,3.2048,3.2031,3.2013,3.1996,3.1978,3.1961,3.1943,3.1925,3.1907,3.1889,3.1871,3.1853,3.1834,3.1816,3.1797,3.1779,3.1760,3.1741,3.1722,3.1703,3.1684,3.1664,3.1645,3.1625,3.1606,3.1586,3.1566,3.1546,3.1526,3.1506,3.1485,3.1465,3.1444,3.1424,3.1403,3.1382,3.1361,3.1340,3.1319,3.1298,3.1276,3.1255,3.1233,3.1211,3.1189,3.1167,3.1145,3.1123,3.1101,3.1079,3.1056,3.1033,3.1011,3.0988,3.0965,3.0942,3.0919,3.0896,3.0872,3.0849,3.0825,3.0802,3.0778,3.0754,3.0730,3.0706,3.0681,3.0657,3.0633,3.0608,3.0583,3.0559,3.0534,3.0509,3.0484,3.0459,3.0433,3.0408,3.0382,3.0357,3.0331,3.0305,3.0279,3.0253,3.0227,3.0201,3.0174,3.0148,3.0121,3.0094,3.0067,3.0041,3.0014,3.0000,3.0000,3.0000,3.0000,3.0000,3.0000,3.0000,3.0000,3.0000,3.0000,3.0000,3.0000,3.0000,3.0000,3.0000,3.0000,3.0000,3.0000,3.0000,3.0000,3.0000,3.0000,3.0000,3.0000,3.0000,3.0000,3.0000,3.0000,3.0000,3.0000,3.0000,3.0000,3.0000,3.0000,3.0000,3.0000,3.0000,3.0000,3.0000,3.0000,3.0000,3.0000,3.0000,3.0000,3.0000,3.0000,3.0000,3.0000,3.0000,3.0000,3.0000,3.0000,3.0000,3.0000,3.0000,3.0000,3.0000,3.0000,3.0000,3.0000,3.0000,3.0000,3.0000,3.0000,3.0000,3.0000,3.0000,3.0000,3.0000,3.0000,3.0000,3.0000,3.0000,3.0000,3.0000,3.0000,3.0000,3.0000,3.0000,3.0000,3.0000,3.0000,3.0000,3.0000,3.0000,3.0000,3.0000,3.0000,3.0000,3.0000,3.0000,3.0000,3.0000,3.0000,3.0000,3.0000,3.0000,3.0000,3.0000,3.0000,3.0000,3.0000,3.0000,3.0000,3.0000,3.0000,3.0000,3.0000,3.0000,3.0000,3.0000,3.0000,3.0000,3.0000,3.0000,3.0000,3.0000,3.0000,3.0000,3.0000,3.0000,3.0000,3.0000,3.0000,3.0000,3.0000,3.0000,3.0000,3.0000,3.0000,3.0000,3.0000,3.0000,3.0000,3.0000,3.0000,3.0000,3.0000,3.0000,3.0000,3.0000,3.0000,3.0000,3.0000,3.0000,3.0000,3.0000,3.0000,3.0000,3.0000,3.0000,3.0000,3.0000,3.0000,3.0000,3.0000,3.0000,3.0000,3.0000,3.0000,3.0000,3.0000,3.0000,3.0000,3.0000,3.0000,3.0000,3.0000,3.0000,3.0000,3.0000,3.0000,3.0000,3.0000,3.0000,3.0000,3.0000,3.0000,3.0000,3.0000,3.0000,3.0000,3.0000,3.0000,3.0000,3.0000,3.0000,3.0000,3.0000,3.0000,3.0000,3.0000,3.0000,3.0000,3.0000,3.0000,3.0000,3.0000,3.0000,3.0000,3.0000,3.0000,3.0000,3.0000,3.0000,3.0000,3.0000,3.0000,3.0000,3.0000,3.0000,3.0000,3.0000,3.0000,3.0000,3.0000,3.0000,3.0000,3.0000,3.0000,3.0000,3.0000,3.0000,3.0000,3.0000,3.0000,3.0000,3.0000,3.0000,3.0000,3.0000,3.0000,3.0000,3.0000,3.0000,3.0000,3.0000,3.0000,3.0000,3.0000,3.0000,3.0000,3.0000,3.0000,3.0000,3.0000,3.0000,3.0000,3.0000,3.0000,3.0000,3.0000,3.0000,3.0000,3.0000,3.0000,3.0000,3.0000,3.0000,3.0000,3.0000,3.0000,3.0000,3.0000,3.0000,3.0000,3.0000,3.0000,3.0000,3.0000,3.0000,3.0000,3.0000,3.0000,3.0000,3.0000,3.0000,3.0000,3.0000,3.0000,3.0000,3.0000,3.0000,3.0000,3.0000,3.0000,3.0000,3.0000,3.0000,3.0000,3.0000,3.0000,3.0000,3.0000,3.0000,3.0000,3.0000,3.0000,3.0000,3.0000,3.0000,3.0000,3.0000,3.0000,3.0000,3.0000,3.0000,3.0000,3.0000,3.0000,3.0000,3.0000,3.0000,3.0000,3.0000,3.0000,3.0000,3.0000,3.0000,3.0000,3.0000,3.0000,3.0000,3.0000,3.0000,3.0000,3.0000,3.0000,3.0000,3.0000,3.0000,3.0000,3.0000,3.0000,3.0000,3.0000,3.0000,3.0000,3.0000,3.0000,3.0000,3.0000,3.0000,3.0000,3.0000,3.0000,3.0000,3.0000,3.0000,3.0000,3.0000,3.0000,3.0000,3.0000,3.0000,3.0000,3.0000,3.0000,3.0000,3.0000,3.0000,3.0000
-40,10.6787,9.5764,9.0048,8.5816,8.2378,7.9454,7.6898,7.4621,7.2565,7.0690,6.8966,6.7371,6.5886,6.4500,6.3199,6.1975,6.0821,5.9729,5.8693,5.7710,5.6774,5.5883,5.5032,5.4219,5.3442,5.2697,5.1984,5.1300,5.0643,5.0012,4.9405,4.8822,4.8260,4.7719,4.7198,4.6696,4.6212,4.5745,4.5295,4.4860,4.4440,4.4035,4.3643,4.3265,4.2900,4.2546,4.2205,4.1875,4.1556,4.1248,4.0950,4.0661,4.0383,4.0113,3.9853,3.9601,3.9358,3.9122,3.8895,3.8675,3.8462,3.8257,3.8059,3.7868,3.7683,3.7504,3.7332,3.7166,3.7005,3.6851,3.6702,3.6558,3.6420,3.6287,3.6159,3.6036,3.5918,3.5804,3.5695,3.5590,3.5490,3.5394,3.5302,3.5214,3.5130,3.5050,3.4974,3.4901,3.4832,3.4767,3.4705,3.4646,3.4590,3.4538,3.4489,3.4443,3.4400,3.4360,3.4323,3.4289,3.4258,3.4229,3.4203,3.4180,3.4159,3.4140,3.4124,3.4111,3.4100,3.4091,3.4084,3.4080,3.4078,3.4078,3.4080,3.4084,3.4090,3.4098,3.4108,3.4120,3.4134,3.4150,3.4167,3.4187,3.4208,3.4230,3.4255,3.4281,3.4308,3.4337,3.4368,3.4400,3.4434,3.4469,3.4506,3.4544,3.4583,3.4624,3.4666,3.4710,3.4754,3.4800,3.4848,3.4896,3.4946,3.4996,3.5048,3.5102,3.5156,3.5211,3.5268,3.5325,3.5384,3.5443,3.5504,3.5565,3.5628,3.5691,3.5755,3.5821,3.5887,3.5954,3.6022,3.6091,3.6160,3.6231,3.6302,3.6374,3.6447,3.6520,3.6595,3.6670,3.6745,3.6822,3.6899,3.6977,3.7056,3.7135,3.7215,3.7295,3.7376,3.7458,3.7540,3.7623,3.7706,3.7791,3.7875,3.7960,3.8046,3.8132,3.8219,3.8306,3.8394,3.8482,3.8570,3.8660,3.8749,3.8839,3.8930,3.9021,3.9112,3.9204,3.9296,3.9388,3.9481,3.9574,3.9668,3.9762,3.9856,3.9951,4.0046,4.0141,4.0237,4.0333,4.0429,4.0526,4.0623,4.0720,4.0818,4.0915,4.1013,4.1112,4.1210,4.1309,4.1408,4.1507,4.1607,4.1706,4.1806,4.1906,4.2007,4.2107,4.2208,4.2309,4.2410,4.2511,4.2613,4.2714,4.2816,4.2918,4.3020,4.3122,4.3225,4.3327,4.3430,4.3532,4.3635,4.3738,4.3841,4.3945,4.4048,4.4151,4.4255,4.4358,4.4462,4.4566,4.4669,4.4773,4.4877,4.4981,4.5085,4.5189,4.5294,4.5398,4.5502,4.5606,4.5711,4.5815,4.5919,4.6024,4.6128,4.6232,4.6337,4.6441,4.6546,4.6650,4.6755,4.6859,4.6964,4.7068,4.7172,4.7277,4.7381,4.7486,4.7590,4.7694,4.7798,4.7903,4.8007,4.8111,4.8215,4.8319,4.8423,4.8527,4.8631,4.8735,4.8838,4.8942,4.9046,4.9149,4.9253,4.9356,4.9459,4.9562,4.9666,4.9769,4.9872,4.9974,5.0077,5.0180,5.0282,5.0385,5.0487,5.0589,5.0692,5.0794,5.0896,5.0997,5.1099,5.1201,5.1302,5.1403,5.1505,5.1606,5.1707,5.1807,5.1908,5.2009,5.2109,5.2209,5.2309,5.2409,5.2509,5.2609,5.2708,5.2808,5.2907,5.3006,5.3105,5.3203,5.3302,5.3400,5.3499,5.3597,5.3695,5.3792,5.3890,5.3987,5.4084,5.4181,5.4278,5.4375,5.4472,5.4568,5.4664,5.4760,5.4856,5.4951,5.5047,5.5142,5.5237,5.5331,5.5426,5.5520,5.5615,5.5709,5.5802,5.5896,5.5989,5.6082,5.6175,5.6268,5.6361,5.6453,5.6545,5.6637,5.6729,5.6820,5.6911,5.7002,5.7093,5.7184,5.7274,5.7364,5.7454,5.7544,5.7633,5.7722,5.7811,5.7900,5.7988,5.8077,5.8165,5.8253,5.8340,5.8427,5.8515,5.8601,5.8688,5.8774,5.8860,5.8946,5.9032,5.9117,5.9202,5.9287,5.9372,5.9456,5.9540,5.9624,5.9708,5.9791,5.9874,5.9957,6.0040,6.0122,6.0204,6.0286,6.0367,6.0449,6.0530,6.0610,6.0691,6.0771,6.0851,6.0931,6.1010,6.1089,6.1168,6.1247,6.1325,6.1403,6.1481,6.1558,6.1636,6.1713,6.1789,6.1866,6.1942,6.2018,6.2093,6.2168,6.2243,6.2318,6.2393,6.2467,6.2541,6.2614,6.2687,6.2760,6.2833,6.2906,6.2978,6.3050,6.3121,6.3193,6.3263,6.3334,6.3405,6.3475,6.3545,6.3614,6.3683,6.3752,6.3821,6.3889,6.3957,6.4025,6.4092,6.4160,6.4226,6.4293,6.4359,6.4425,6.4491,6.4556,6.4621,6.4686,6.4750,6.4814,6.4878,6.4942,6.5005,6.5068,6.5130,6.5193,6.5255,6.5316,6.5378,6.5439,6.5500,6.5560,6.5620,6.5680,6.5739,6.5799,6.5857,6.5916,6.5974,6.6032,6.6090,6.6147,6.6204,6.6261,6.6317,6.6373,6.6429,6.6484,6.6539,6.6594,6.6648,6.6703,6.6756,6.6810,6.6863,6.6916,6.6968,6.7020,6.7072,6.7124,6.7175,6.7226,6.7277,6.7327,6.7377,6.7426,6.7476,6.7524,6.7573,6.7621,6.7669,6.7717,6.7764,6.7811,6.7858,6.7904,6.7950,6.7996,6.8041,6.8086,6.8131,6.8175,6.8219,6.8263,6.8306,6.8349,6.8392,6.8434,6.8476,6.8518,6.8559,6.8600,6.8641,6.8681,6.8721,6.8761,6.8800,6.8839,6.8878,6.8916,6.8954,6.8992,6.9029,6.9066,6.9103,6.9139,6.9175,6.9211,6.9246,6.9281,6.9316,6.9350,6.9384,6.9417,6.9451,6.9484,6.9516,6.9548,6.9580,6.9612,6.9643,6.9674,6.9704,6.9735,6.9764,6.9794,6.9823,6.9852,6.9880,6.9908,6.9936,6.9964,6.9991,7.0017,7.0044,7.0070,7.0096,7.0121,7.0146,7.0171,7.0195,7.0219,7.0242,7.0266,7.0289,7.0311,7.0333,7.0355,7.0377,7.0398,7.0419,7.0439,7.0460,7.0479,7.0499,7.0518,7.0537,7.0555,7.0573,7.0591,7.0608,7.0625,7.0642,7.0658,7.0674,7.0690,7.0705,7.0720,7.0734,7.0749,7.0762,7.0776,7.0789,7.0802,7.0814,7.0826,7.0838,7.0849,7.0860,7.0871,7.0881,7.0891,7.0901,7.0910,7.0919,7.0928,7.0936,7.0944,7.0951,7.0958,7.0965,7.0972,7.0978,7.0983,7.0989,7.0994,7.0998,7.1003,7.1007,7.1010,7.1013,7.1016,7.1019,7.1021,7.1023,7.1024,7.1025,7.1026,7.1027,7.1027,7.1026,7.1026,7.1025,7.1023,7.1021,7.1019,7.1017,7.1014,7.1011,7.1007,7.1003,7.0999,7.0994,7.0989,7.0984,7.0978,7.0972,7.0966,7.0959,7.0952,7.0945,7.0937,7.0929,7.0920,7.0911,7.0902,7.0892,7.0882,7.0872,7.0861,7.0850,7.0839,7.0827,7.0815,7.0802,7.0789,7.0776,7.0763,7.0749,7.0734,7.0720,7.0705,7.0689,7.0673,7.0657,7.0641,7.0624,7.0607,7.0589,7.0571,7.0553,7.0534,7.0516,7.0496,7.0476,7.0456,7.0436,7.0415,7.0394,7.0372,7.0351,7.0328,7.0306,7.0283,7.0259,7.0236,7.0212,7.0187,7.0163,7.0137,7.0112,7.0086,7.0060,7.0033,7.0006,6.9979,6.9951,6.9923,6.9895,6.9866,6.9837,6.9808,6.9778,6.9748,6.9717,6.9686,6.9655,6.9623,6.9591,6.9559,6.9526,6.9493,6.9459,6.9426,6.9391,6.9357,6.9322,6.9287,6.9251,6.9215,6.9179,6.9142,6.9105,6.9067,6.9030,6.8992,6.8953,6.8914,6.8875,6.8835,6.8795,6.8755,6.8714,6.8673,6.8632,6.8590,6.8548,6.8505,6.8462,6.8419,6.8375,6.8331,6.8287,6.8242,6.8197,6.8152,6.8106,6.8060,6.8013,6.7966,6.7919,6.7872,6.7824,6.7775,6.7727,6.7677,6.7628,6.7578,6.7528,6.7478,6.7427,6.7375,6.7324,6.7272,6.7220,6.7167,6.7114,6.7060,6.7007,6.6952,6.6898,6.6843,6.6788,6.6732,6.6676,6.6620,6.6563,6.6506,6.6449,6.6391,6.6333,6.6274,6.6215,6.6156,6.6096,6.6037,6.5976,6.5916,6.5854,6.5793,6.5731,6.5669,6.5607,6.5544,6.5480,6.5417,6.5353,6.5289,6.5224,6.5159,6.5093,6.5028,6.4962,6.4895,6.4828,6.4761,6.4693,6.4625,6.4557,6.4488,6.4419,6.4350,6.4280,6.4210,6.4139,6.4069,6.3997,6.3926,6.3854,6.3782,6.3709,6.3636,6.3562,6.3489,6.3415,6.3340,6.3265,6.3190,6.3114,6.3038,6.2962,6.2885,6.2808,6.2731,6.2653,6.2575,6.2497,6.2418,6.2339,6.2259,6.2179,6.2099,6.2018,6.1937,6.1856,6.1774,6.1692,6.1609,6.1527,6.1443,6.1360,6.1276,6.1192,6.1107,6.1022,6.0937,6.0851,6.0765,6.0678,6.0592,6.0504,6.0417,6.0329,6.0241,6.0152,6.0063,5.9974,5.9884,5.9794,5.9703,5.9613,5.9522,5.9430,5.9338,5.9246,5.9153,5.9060,5.8967,5.8873,5.8779,5.8685,5.8590,5.8495,5.8399,5.8304,5.8207,5.8111,5.8014,5.7916,5.7819,5.7721,5.7622,5.7524,5.7425,5.7325,5.7225,5.7125,5.7024,5.6924,5.6822,5.6721,5.6619,5.6516,5.6414,5.6310,5.6207,5.6103,5.5999,5.5895,5.5790,5.5684,5.5579,5.5473,5.5366,5.5260,5.5153,5.5045,5.4938,5.4829,5.4721,5.4612,5.4503,5.4393,5.4283,5.4173,5.4062,5.3951,5.3840,5.3728,5.3616,5.3504,5.3391,5.3278,5.3164,5.3050,5.2936,5.2822,5.2707,5.2591,5.2476,5.2360,5.2243,5.2126,5.2009,5.1892,5.1774,5.1656,5.1537,5.1418,5.1299,5.1179,5.1059,5.0939,5.0818,5.0697,5.0576,5.0454,5.0332,5.0209,5.0087,4.9963,4.9840,4.9716,4.9592,4.9467,4.9342,4.9217,4.9091,4.8965,4.8838,4.8712,4.8584,4.8457,4.8329,4.8201,4.8072,4.7943,4.7814,4.7684,4.7554,4.7424,4.7293,4.7162,4.7031,4.6899,4.6767
-40,0.9395,0.9197,0.9093,0.9014,0.8949,0.8893,0.8843,0.8799,0.8758,0.8721,0.8686,0.8654,0.8623,0.8595,0.8568,0.8542,0.8517,0.8494,0.8472,0.8450,0.8430,0.8410,0.8391,0.8372,0.8355,0.8337,0.8321,0.8305,0.8289,0.8274,0.8260,0.8246,0.8232,0.8218,0.8205,0.8193,0.8180,0.8168,0.8157,0.8145,0.8134,0.8123,0.8113,0.8102,0.8092,0.8082,0.8073,0.8063,0.8054,0.8045,0.8036,0.8028,0.8019,0.8011,0.8003,0.7995,0.7987,0.7979,0.7972,0.7965,0.7957,0.7950,0.7944,0.7937,0.7930,0.7924,0.7917,0.7911,0.7905,0.7899,0.7893,0.7887,0.7881,0.7876,0.7870,0.7865,0.7860,0.7854,0.7849,0.7844,0.7839,0.7835,0.7830,0.7825,0.7821,0.7816,0.7812,0.7807,0.7803,0.7799,0.7795,0.7791,0.7787,0.7783,0.7779,0.7775,0.7771,0.7768,0.7764,0.7761,0.7757,0.7754,0.7750,0.7747,0.7744,0.7741,0.7737,0.7734,0.7731,0.7728,0.7725,0.7723,0.7720,0.7717,0.7714,0.7712,0.7709,0.7706,0.7704,0.7701,0.7699,0.7696,0.7694,0.7692,0.7690,0.7687,0.7685,0.7683,0.7681,0.7679,0.7677,0.7675,0.7673,0.7671,0.7669,0.7667,0.7665,0.7663,0.7661,0.7660,0.7658,0.7656,0.7655,0.7653,0.7652,0.7650,0.7648,0.7647,0.7645,0.7644,0.7643,0.7641,0.7640,0.7639,0.7637,0.7636,0.7635,0.7634,0.7632,0.7631,0.7630,0.7629,0.7628,0.7627,0.7626,0.7625,0.7624,0.7623,0.7622,0.7621,0.7620,0.7619,0.7618,0.7617,0.7617,0.7616,0.7615,0.7614,0.7614,0.7613,0.7612,0.7611,0.7611,0.7610,0.7610,0.7609,0.7608,0.7608,0.7607,0.7607,0.7606,0.7606,0.7605,0.7605,0.7604,0.7604,0.7603,0.7603,0.7603,0.7602,0.7602,0.7602,0.7601,0.7601,0.7601,0.7600,0.7600,0.7600,0.7600,0.7600,0.7599,0.7599,0.7599,0.7599,0.7599,0.7599,0.7598,0.7598,0.7598,0.7598,0.7598,0.7598,0.7598,0.7598,0.7598,0.7598,0.7598,0.7598,0.7598,0.7598,0.7598,0.7598,0.7598,0.7598,0.7598,0.7598,0.7598,0.7598,0.7598,0.7598,0.7598,0.7598,0.7598,0.7598,0.7598,0.7598,0.7598,0.7598,0.7598,0.7598,0.7598,0.7598,0.7598,0.7598,0.7598,0.7598,0.7598,0.7598,0.7598,0.7598,0.7598,0.7598,0.7598,0.7598,0.7598,0.7598,0.7598,0.7598,0.7598,0.7598,0.7598,0.7598,0.7598,0.7598,0.7598,0.7598,0.7598,0.7598,0.7598,0.7598,0.7598,0.7598,0.7598,0.7598,0.7598,0.7598,0.7598,0.7598,0.7598,0.7598,0.7598,0.7598,0.7598,0.7598,0.7598,0.7598,0.7598,0.7598,0.7598,0.7598,0.7598,0.7598,0.7598,0.7598,0.7598,0.7598,0.7598,0.7598,0.7598,0.7598,0.7598,0.7598,0.7598,0.7598,0.7598,0.7598,0.7598,0.7598,0.7598,0.7598,0.7598,0.7598,0.7598,0.7598,0.7598,0.7598,0.7598,0.7598,0.7598,0.7598,0.7598,0.7598,0.7598,0.7598,0.7598,0.7598,0.7598,0.7598,0.7598,0.7598,0.7598,0.7598,0.7598,0.7598,0.7598,0.7598,0.7598,0.7598,0.7598,0.7598,0.7598,0.7598,0.7598,0.7598,0.7598,0.7598,0.7598,0.7598,0.7598,0.7598,0.7598,0.7598,0.7598,0.7598,0.7598,0.7598,0.7598,0.7598,0.7598,0.7598,0.7598,0.7598,0.7598,0.7598,0.7598,0.7598,0.7598,0.7598,0.7598,0.7598,0.7598,0.7598,0.7598,0.7598,0.7598,0.7598,0.7598,0.7598,0.7598,0.7598,0.7598,0.7598,0.7598,0.7598,0.7598,0.7598,0.7598,0.7598,0.7598,0.7598,0.7598,0.7598,0.7598,0.7598,0.7598,0.7598,0.7598,0.7598,0.7598,0.7598,0.7598,0.7598,0.7598,0.7598,0.7598,0.7598,0.7598,0.7598,0.7598,0.7598,0.7598,0.7598,0.7598,0.7598,0.7598,0.7598,0.7598,0.7598,0.7598,0.7598,0.7598,0.7598,0.7598,0.7598,0.7598,0.7598,0.7598,0.7598,0.7598,0.7598,0.7598,0.7598,0.7598,0.7598,0.7598,0.7598,0.7598,0.7598,0.7598,0.7598,0.7598,0.7598,0.7598,0.7598,0.7598,0.7598,0.7598,0.7598,0.7598,0.7598,0.7598,0.7598,0.7598,0.7598,0.7598,0.7598,0.7598,0.7598,0.7598,0.7598,0.7598,0.7598,0.7598,0.7598,0.7598,0.7598,0.7598,0.7598,0.7598,0.7598,0.7598,0.7598,0.7598,0.7598,0.7598,0.7598,0.7598,0.7598,0.7598,0.7598,0.7598,0.7598,0.7598,0.7598,0.7598,0.7598,0.7598,0.7598,0.7598,0.7598,0.7598,0.7598,0.7598,0.7598,0.7598,0.7598,0.7598,0.7598,0.7598,0.7598,0.7598,0.7598,0.7598,0.7598,0.7598,0.7598,0.7598,0.7598,0.7598,0.7598,0.7598,0.7598,0.7598,0.7598,0.7598,0.7598,0.7598,0.7598,0.7598,0.7598,0.7598,0.7598,0.7598,0.7598,0.7598,0.7598,0.7598,0.7598,0.7598,0.7598,0.7598,0.7598,0.7598,0.7598,0.7598,0.7598,0.7598,0.7598,0.7598,0.7598,0.7598,0.7598,0.7598,0.7598,0.7598,0.7598,0.7598,0.7598,0.7598,0.7598,0.7598,0.7598,0.7598,0.7598,0.7598,0.7598,0.7598,0.7598,0.7598,0.7598,0.7598,0.7598,0.7598,0.7598,0.7598,0.7598,0.7598,0.7598,0.7598,0.7598,0.7598,0.7598,0.7598,0.7598,0.7598,0.7598,0.7598,0.7598,0.7598,0.7598,0.7598,0.7598,0.7598,0.7598,0.7598,0.7598,0.7598,0.7598,0.7598,0.7598,0.7598,0.7598,0.7598,0.7598,0.7598,0.7598,0.7598,0.7598,0.7598,0.7598,0.7598,0.7598,0.7598,0.7598,0.7598,0.7598,0.7598,0.7598,0.7598,0.7598,0.7598,0.7598,0.7598,0.7598,0.7598,0.7598,0.7598,0.7598,0.7598,0.7598,0.7598,0.7598,0.7598,0.7598,0.7598,0.7598,0.7598,0.7598,0.7598,0.7598,0.7598,0.7598,0.7598,0.7598,0.7598,0.7598,0.7598,0.7598,0.7598,0.7598,0.7598,0.7598,0.7598,0.7598,0.7598,0.7598,0.7598,0.7598,0.7598,0.7598,0.7598,0.7598,0.7598,0.7598,0.7598,0.7598,0.7598,0.7598,0.7598,0.7598,0.7598,0.7598,0.7598,0.7598,0.7598,0.7598,0.7598,0.7598,0.7598,0.7598,0.7598,0.7598,0.7598,0.7598,0.7598,0.7598,0.7598,0.7598,0.7598,0.7598,0.7598,0.7598,0.7598,0.7598,0.7598,0.7598,0.7598,0.7598,0.7598,0.7598,0.7598,0.7598,0.7598,0.7598,0.7598,0.7598,0.7598,0.7598,0.7598,0.7598,0.7598,0.7598,0.7598,0.7598,0.7598,0.7598,0.7598,0.7598,0.7598,0.7598,0.7598,0.7598,0.7598,0.7598,0.7598,0.7598,0.7598,0.7598,0.7598,0.7598,0.7598,0.7598,0.7598,0.7598,0.7598,0.7598,0.7598,0.7598,0.7598,0.7598,0.7598,0.7598,0.7598,0.7598,0.7598,0.7598,0.7598,0.7598,0.7598,0.7598,0.7598,0.7598,0.7598,0.7598,0.7598,0.7598,0.7598,0.7598,0.7598,0.7598,0.7598,0.7598,0.7598,0.7598,0.7598,0.7598,0.7598,0.7598,0.7598,0.7598,0.7598,0.7598,0.7598,0.7598,0.7598,0.7598,0.7598,0.7598,0.7598,0.7598,0.7598,0.7598,0.7598,0.7598,0.7598,0.7598,0.7598,0.7598,0.7598,0.7598,0.7598,0.7598,0.7598,0.7598,0.7598,0.7598,0.7598,0.7598,0.7598,0.7598,0.7598,0.7598,0.7598,0.7598,0.7598,0.7598,0.7598,0.7598,0.7598,0.7598,0.7598,0.7598,0.7598,0.7598,0.7598,0.7598,0.7598,0.7598,0.7598,0.7598,0.7598,0.7598,0.7598,0.7598,0.7598,0.7598,0.7598,0.7598,0.7598,0.7598,0.7598,0.7598,0.7598,0.7598,0.7598,0.7598,0.7598,0.7598,0.7598,0.7598,0.7598,0.7598,0.7598,0.7598,0.7598,0.7598,0.7598,0.7598,0.7598,0.7598,0.7598,0.7598,0.7598,0.7598,0.7598,0.7598,0.7598,0.7598,0.7598,0.7598,0.7598,0.7598,0.7598,0.7598,0.7598,0.7598,0.7598,0.7598,0.7598,0.7598,0.7598,0.7598,0.7598,0.7598,0.7598,0.7598,0.7598,0.7598,0.7598,0.7598,0.7598,0.7598,0.7598,0.7598,0.7598,0.7598,0.7598,0.7598,0.7598,0.7598,0.7598,0.7598,0.7598,0.7598,0.7598,0.7598,0.7598,0.7598,0.7598,0.7598,0.7598,0.7598,0.7598,0.7598,0.7598,0.7598,0.7598,0.7598,0.7598,0.7598,0.7598,0.7598,0.7598,0.7598,0.7598,0.7598,0.7598,0.7598,0.7598,0.7598,0.7598,0.7598,0.7598,0.7598,0.7598,0.7598,0.7598,0.7598,0.7598,0.7598,0.7598,0.7598,0.7598,0.7598,0.7598,0.7598,0.7598,0.7598,0.7598,0.7598,0.7598,0.7598,0.7598,0.7598,0.7598,0.7598,0.7598,0.7598,0.7598,0.7598,0.7598,0.7598,0.7598,0.7598,0.7598,0.7598,0.7598,0.7598,0.7598,0.7598,0.7598,0.7598,0.7598,0.7598,0.7598,0.7598,0.7598,0.7598,0.7598,0.7598,0.7598,0.7598,0.7598,0.7598,0.7598,0.7598,0.7598,0.7598,0.7598,0.7598,0.7598,0.7598,0.7598,0.7598,0.7598,0.7598,0.7598,0.7598,0.7598,0.7598,0.7598,0.7598,0.7598,0.7598,0.7598,0.7598,0.7598,0.7598,0.7598,0.7598,0.7598,0.7598,0.7598,0.7598,0.7598,0.7598,0.7598,0.7598,0.7598,0.7598,0.7598,0.7598,0.7598,0.7598,0.7598,0.7598,0.7598,0.7598,0.7598,0.7598,0.7598,0.7598,0.7598,0.7598,0.7598,0.7598,0.7598,0.7598,0.7598,0.7598,0.7598,0.7598,0.7598,0.7598,0.7598,0.7598
-20,-0.0357,-0.0339,-0.0313,-0.0283,-0.0253,-0.0222,-0.0190,-0.0158,-0.0126,-0.0094,-0.0062,-0.0030,0.0003,0.0035,0.0067,0.0100,0.0132,0.0164,0.0196,0.0228,0.0261,0.0293,0.0325,0.0357,0.0388,0.0420,0.0452,0.0484,0.0515,0.0547,0.0578,0.0610,0.0641,0.0673,0.0704,0.0735,0.0766,0.0797,0.0828,0.0859,0.0890,0.0921,0.0951,0.0982,0.1012,0.1043,0.1073,0.1104,0.1134,0.1164,0.1194,0.1224,0.1254,0.1284,0.1314,0.1344,0.1374,0.1404,0.1433,0.1463,0.1492,0.1522,0.1551,0.1580,0.1610,0.1639,0.1668,0.1697,0.1726,0.1755,0.1784,0.1812,0.1841,0.1870,0.1898,0.1927,0.1955,0.1984,0.2012,0.2040,0.2069,0.2097,0.2125,0.2153,0.2181,0.2209,0.2237,0.2265,0.2292,0.2320,0.2348,0.2375,0.2403,0.2430,0.2458,0.2485,0.2513,0.2540,0.2567,0.2594,0.2621,0.2648,0.2675,0.2702,0.2729,0.2756,0.2783,0.2809,0.2836,0.2862,0.2889,0.2915,0.2942,0.2968,0.2995,0.3021,0.3047,0.3073,0.3099,0.3125,0.3151,0.3177,0.3203,0.3229,0.3255,0.3281,0.3306,0.3332,0.3358,0.3383,0.3409,0.3434,0.3459,0.3485,0.3510,0.3535,0.3561,0.3586,0.3611,0.3636,0.3661,0.3686,0.3711,0.3735,0.3760,0.3785,0.3810,0.3834,0.3859,0.3884,0.3908,0.3933,0.3957,0.3981,0.4006,0.4030,0.4054,0.4078,0.4102,0.4127,0.4151,0.4175,0.4199,0.4222,0.4246,0.4270,0.4294,0.4318,0.4341,0.4365,0.4388,0.4412,0.4435,0.4459,0.4482,0.4506,0.4529,0.4552,0.4575,0.4599,0.4622,0.4645,0.4668,0.4691,0.4714,0.4737,0.4760,0.4782,0.4805,0.4828,0.4851,0.4873,0.4896,0.4919,0.4941,0.4964,0.4986,0.5008,0.5031,0.5053,0.5075,0.5098,0.5120,0.5142,0.5164,0.5186,0.5208,0.5230,0.5252,0.5274,0.5296,0.5317,0.5339,0.5361,0.5383,0.5404,0.5426,0.5447,0.5469,0.5490,0.5512,0.5533,0.5555,0.5576,0.5597,0.5619,0.5640,0.5661,0.5682,0.5703,0.5724,0.5745,0.5766,0.5787,0.5808,0.5829,0.5850,0.5870,0.5891,0.5912,0.5932,0.5953,0.5974,0.5994,0.6015,0.6035,0.6055,0.6076,0.6096,0.6116,0.6137,0.6157,0.6177,0.6197,0.6217,0.6237,0.6257,0.6277,0.6297,0.6317,0.6337,0.6357,0.6377,0.6397,0.6416,0.6436,0.6456,0.6475,0.6495,0.6514,0.6534,0.6553,0.6573,0.6592,0.6612,0.6631,0.6650,0.6669,0.6689,0.6708,0.6727,0.6746,0.6765,0.6784,0.6803,0.6822,0.6841,0.6860,0.6879,0.6898,0.6916,0.6935,0.6954,0.6972,0.6991,0.7010,0.7028,0.7047,0.7065,0.7084,0.7102,0.7120,0.7139,0.7157,0.7175,0.7194,0.7212,0.7230,0.7248,0.7266,0.7284,0.7302,0.7320,0.7338,0.7356,0.7374,0.7392,0.7410,0.7428,0.7445,0.7463,0.7481,0.7499,0.7516,0.7534,0.7551,0.7569,0.7586,0.7604,0.7621,0.7639,0.7656,0.7673,0.7691,0.7708,0.7725,0.7742,0.7759,0.7776,0.7794,0.7811,0.7828,0.7845,0.7862,0.7878,0.7895,0.7912,0.7929,0.7946,0.7963,0.7979,0.7996,0.8013,0.8029,0.8046,0.8062,0.8079,0.8095,0.8112,0.8128,0.8145,0.8161,0.8177,0.8194,0.8210,0.8226,0.8242,0.8258,0.8275,0.8291,0.8307,0.8323,0.8339,0.8355,0.8371,0.8387,0.8403,0.8418,0.8434,0.8450,0.8466,0.8481,0.8497,0.8513,0.8528,0.8544,0.8560,0.8575,0.8591,0.8606,0.8621,0.8637,0.8652,0.8668,0.8683,0.8698,0.8713,0.8729,0.8744,0.8759,0.8774,0.8789,0.8804,0.8819,0.8834,0.8849,0.8864,0.8879,0.8894,0.8909,0.8924,0.8938,0.8953,0.8968,0.8983,0.8997,0.9012,0.9027,0.9041,0.9056,0.9070,0.9085,0.9099,0.9114,0.9128,0.9142,0.9157,0.9171,0.9185,0.9199,0.9214,0.9228,0.9242,0.9256,0.9270,0.9284,0.9298,0.9312,0.9326,0.9340,0.9354,0.9368,0.9382,0.9396,0.9410,0.9423,0.9437,0.9451,0.9464,0.9478,0.9492,0.9505,0.9519,0.9532,0.9546,0.9559,0.9573,0.9586,0.9600,0.9613,0.9626,0.9640,0.9653,0.9666,0.9679,0.9693,0.9706,0.9719,0.9732,0.9745,0.9758,0.9771,0.9784,0.9797,0.9810,0.9823,0.9836,0.9849,0.9861,0.9874,0.9887,0.9900,0.9912,0.9925,0.9938,0.9950,0.9963,0.9975,0.9988,1.0001,1.0013,1.0025,1.0038,1.0050,1.0063,1.0075,1.0087,1.0100,1.0112,1.0124,1.0136,1.0148,1.0161,1.0173,1.0185,1.0197,1.0209,1.0221,1.0233,1.0245,1.0257,1.0269,1.0280,1.0292,1.0304,1.0316,1.0328,1.0339,1.0351,1.0363,1.0374,1.0386,1.0398,1.0409,1.0421,1.0432,1.0444,1.0455,1.0467,1.0478,1.0489,1.0501,1.0512,1.0523,1.0535,1.0546,1.0557,1.0568,1.0579,1.0590,1.0602,1.0613,1.0624,1.0635,1.0646,1.0657,1.0668,1.0679,1.0689,1.0700,1.0711,1.0722,1.0733,1.0743,1.0754,1.0765,1.0776,1.0786,1.0797,1.0807,1.0818,1.0829,1.0839,1.0850,1.0860,1.0871,1.0881,1.0891,1.0902,1.0912,1.0922,1.0933,1.0943,1.0953,1.0963,1.0973,1.0984,1.0994,1.1004,1.1014,1.1024,1.1034,1.1044,1.1054,1.1064,1.1074,1.1084,1.1094,1.1103,1.1113,1.1123,1.1133,1.1143,1.1152,1.1162,1.1172,1.1181,1.1191,1.1200,1.1210,1.1220,1.1229,1.1239,1.1248,1.1257,1.1267,1.1276,1.1286,1.1295,1.1304,1.1314,1.1323,1.1332,1.1341,1.1350,1.1360,1.1369,1.1378,1.1387,1.1396,1.1405,1.1414,1.1423,1.1432,1.1441,1.1450,1.1459,1.1467,1.1476,1.1485,1.1494,1.1503,1.1511,1.1520,1.1529,1.1537,1.1546,1.1555,1.1563,1.1572,1.1580,1.1589,1.1597,1.1606,1.1614,1.1623,1.1631,1.1639,1.1648,1.1656,1.1664,1.1672,1.1681,1.1689,1.1697,1.1705,1.1713,1.1722,1.1730,1.1738,1.1746,1.1754,1.1762,1.1770,1.1778,1.1786,1.1793,1.1801,1.1809,1.1817,1.1825,1.1833,1.1840,1.1848,1.1856,1.1863,1.1871,1.1879,1.1886,1.1894,1.1901,1.1909,1.1916,1.1924,1.1931,1.1939,1.1946,1.1954,1.1961,1.1968,1.1976,1.1983,1.1990,1.1997,1.2005,1.2012,1.2019,1.2026,1.2033,1.2040,1.2048,1.2055,1.2062,1.2069,1.2076,1.2083,1.2089,1.2096,1.2103,1.2110,1.2117,1.2124,1.2131,1.2137,1.2144,1.2151,1.2158,1.2164,1.2171,1.2178,1.2184,1.2191,1.2197,1.2204,1.2210,1.2217,1.2223,1.2230,1.2236,1.2243,1.2249,1.2255,1.2262,1.2268,1.2274,1.2280,1.2287,1.2293,1.2299,1.2305,1.2311,1.2318,1.2324,1.2330,1.2336,1.2342,1.2348,1.2354,1.2360,1.2366,1.2372,1.2377,1.2383,1.2389,1.2395,1.2401,1.2407,1.2412,1.2418,1.2424,1.2429,1.2435,1.2441,1.2446,1.2452,1.2458,1.2463,1.2469,1.2474,1.2480,1.2485,1.2491,1.2496,1.2501,1.2507,1.2512,1.2517,1.2523,1.2528,1.2533,1.2538,1.2544,1.2549,1.2554,1.2559,1.2564,1.2569,1.2574,1.2579,1.2585,1.2590,1.2595,1.2599,1.2604,1.2609,1.2614,1.2619,1.2624,1.2629,1.2634,1.2638,1.2643,1.2648,1.2653,1.2657,1.2662,1.2667,1.2671,1.2676,1.2680,1.2685,1.2690,1.2694,1.2699,1.2703,1.2708,1.2712,1.2716,1.2721,1.2725,1.2729,1.2734,1.2738,1.2742,1.2747,1.2751,1.2755,1.2759,1.2763,1.2768,1.2772,1.2776,1.2780,1.2784,1.2788,1.2792,1.2796,1.2800,1.2804,1.2808,1.2812,1.2816,1.2820,1.2823,1.2827,1.2831,1.2835,1.2839,1.2842,1.2846,1.2850,1.2853,1.2857,1.2861,1.2864,1.2868,1.2871,1.2875,1.2878,1.2882,1.2885,1.2889,1.2892,1.2896,1.2899,1.2902,1.2906,1.2909,1.2912,1.2916,1.2919,1.2922,1.2925,1.2929,1.2932,1.2935,1.2938,1.2941,1.2944,1.2947,1.2950,1.2953,1.2956,1.2959,1.2962,1.2965,1.2968,1.2971,1.2974,1.2977,1.2980,1.2983,1.2985,1.2988,1.2991,1.2994,1.2996,1.2999,1.3002,1.3004,1.3007,1.3010,1.3012,1.3015,1.3017,1.3020,1.3022,1.3025,1.3027,1.3030,1.3032,1.3035,1.3037,1.3039,1.3042,1.3044,1.3046,1.3048,1.3051,1.3053,1.3055,1.3057,1.3060,1.3062,1.3064,1.3066,1.3068,1.3070,1.3072,1.3074,1.3076,1.3078,1.3080,1.3082,1.3084,1.3086,1.3088,1.3090,1.3091,1.3093,1.3095,1.3097,1.3099,1.3100,1.3102,1.3104,1.3105,1.3107,1.3109,1.3110,1.3112,1.3113,1.3115,1.3117,1.3118,1.3120,1.3121,1.3122,1.3124,1.3125,1.3127,1.3128,1.3129,1.3131,1.3132,1.3133,1.3135,1.3136,1.3137,1.3138,1.3140,1.3141,1.3142,1.3143,1.3144,1.3145,1.3146,1.3147,1.3148,1.3149,1.3150,1.3151,1.3152,1.3153,1.3154,1.3155,1.3156,1.3157,1.3157,1.3158,1.3159,1.3160,1.3161,1.3161,1.3162,1.3163,1.3163,1.3164,1.3165,1.3165,1.3166,1.3166,1.3167,1.3167,1.3168,1.3168,1.3169,1.3169,1.3170,1.3170,1.3171,1.3171,1.3171,1.3172,1.3172,1.3172,1.3172,1.3173,1.3173,1.3173,1.3173,1.3173,1.3174,1.3174,1.3174,1.3174,1.3174,1.3174,1.3174,1.3174,1.3174,1.3174,1.3174,1.3174,1.3174,1.3174
-20,-6.7436,-6.6774,-6.6356,-6.6008,-6.5697,-6.5411,-6.5142,-6.4886,-6.4641,-6.4405,-6.4177,-6.3954,-6.3738,-6.3526,-6.3319,-6.3115,-6.2916,-6.2719,-6.2525,-6.2335,-6.2146,-6.1960,-6.1777,-6.1595,-6.1415,-6.1237,-6.1061,-6.0887,-6.0714,-6.0542,-6.0372,-6.0203,-6.0036,-5.9870,-5.9705,-5.9541,-5.9378,-5.9216,-5.9055,-5.8895,-5.8736,-5.8578,-5.8421,-5.8265,-5.8110,-5.7955,-5.7801,-5.7648,-5.7496,-5.7344,-5.7193,-5.7043,-5.6893,-5.6744,-5.6596,-5.6448,-5.6301,-5.6154,-5.6008,-5.5862,-5.5717,-5.5573,-5.5429,-5.5286,-5.5143,-5.5000,-5.4858,-5.4717,-5.4576,-5.4435,-5.4295,-5.4156,-5.4016,-5.3877,-5.3739,-5.3601,-5.3463,-5.3326,-5.3189,-5.3053,-5.2917,-5.2781,-5.2646,-5.2511,-5.2376,-5.2242,-5.2108,-5.1974,-5.1841,-5.1708,-5.1575,-5.1443,-5.1311,-5.1179,-5.1047,-5.0916,-5.0785,-5.0655,-5.0525,-5.0395,-5.0265,-5.0136,-5.0007,-4.9878,-4.9749,-4.9621,-4.9493,-4.9365,-4.9237,-4.9110,-4.8983,-4.8856,-4.8730,-4.8604,-4.8477,-4.8352,-4.8226,-4.8101,-4.7976,-4.7851,-4.7726,-4.7602,-4.7478,-4.7354,-4.7230,-4.7106,-4.6983,-4.6860,-4.6737,-4.6614,-4.6492,-4.6369,-4.6247,-4.6126,-4.6004,-4.5882,-4.5761,-4.5640,-4.5519,-4.5398,-4.5278,-4.5158,-4.5037,-4.4918,-4.4798,-4.4678,-4.4559,-4.4440,-4.4321,-4.4202,-4.4083,-4.3964,-4.3846,-4.3728,-4.3610,-4.3492,-4.3374,-4.3257,-4.3140,-4.3022,-4.2905,-4.2789,-4.2672,-4.2555,-4.2439,-4.2323,-4.2207,-4.2091,-4.1975,-4.1860,-4.1744,-4.1629,-4.1514,-4.1399,-4.1284,-4.1169,-4.1055,-4.0941,-4.0826,-4.0712,-4.0598,-4.0484,-4.0371,-4.0257,-4.0144,-4.0031,-3.9918,-3.9805,-3.9692,-3.9579,-3.9467,-3.9354,-3.9242,-3.9130,-3.9018,-3.8906,-3.8794,-3.8683,-3.8571,-3.8460,-3.8348,-3.8237,-3.8126,-3.8016,-3.7905,-3.7794,-3.7684,-3.7573,-3.7463,-3.7353,-3.7243,-3.7133,-3.7024,-3.6914,-3.6804,-3.6695,-3.6586,-3.6477,-3.6368,-3.6259,-3.6150,-3.6041,-3.5933,-3.5824,-3.5716,-3.5608,-3.5500,-3.5392,-3.5284,-3.5176,-3.5068,-3.4961,-3.4854,-3.4746,-3.4639,-3.4532,-3.4425,-3.4318,-3.4211,-3.4105,-3.3998,-3.3892,-3.3785,-3.3679,-3.3573,-3.3467,-3.3361,-3.3255,-3.3149,-3.3044,-3.2938,-3.2833,-3.2728,-3.2622,-3.2517,-3.2412,-3.2307,-3.2203,-3.2098,-3.1993,-3.1889,-3.1784,-3.1680,-3.1576,-3.1472,-3.1368,-3.1264,-3.1160,-3.1056,-3.0952,-3.0849,-3.0745,-3.0642,-3.0539,-3.0436,-3.0333,-3.0230,-3.0127,-3.0024,-2.9921,-2.9819,-2.9716,-2.9614,-2.9511,-2.9409,-2.9307,-2.9205,-2.9103,-2.9001,-2.8899,-2.8798,-2.8696,-2.8594,-2.8493,-2.8392,-2.8290,-2.8189,-2.8088,-2.7987,-2.7886,-2.7785,-2.7684,-2.7584,-2.7483,-2.7383,-2.7282,-2.7182,-2.7082,-2.6982,-2.6882,-2.6782,-2.6682,-2.6582,-2.6482,-2.6382,-2.6283,-2.6183,-2.6084,-2.5985,-2.5885,-2.5786,-2.5687,-2.5588,-2.5489,-2.5390,-2.5291,-2.5193,-2.5094,-2.4996,-2.4897,-2.4799,-2.4700,-2.4602,-2.4504,-2.4406,-2.4308,-2.4210,-2.4112,-2.4015,-2.3917,-2.3819,-2.3722,-2.3624,-2.3527,-2.3430,-2.3332,-2.3235,-2.3138,-2.3041,-2.2944,-2.2847,-2.2751,-2.2654,-2.2557,-2.2461,-2.2364,-2.2268,-2.2172,-2.2075,-2.1979,-2.1883,-2.1787,-2.1691,-2.1595,-2.1499,-2.1403,-2.1308,-2.1212,-2.1117,-2.1021,-2.0926,-2.0830,-2.0735,-2.0640,-2.0545,-2.0450,-2.0355,-2.0260,-2.0165,-2.0070,-1.9976,-1.9881,-1.9786,-1.9692,-1.9598,-1.9503,-1.9409,-1.9315,-1.9221,-1.9126,-1.9032,-1.8939,-1.8845,-1.8751,-1.8657,-1.8563,-1.8470,-1.8376,-1.8283,-1.8189,-1.8096,-1.8003,-1.7909,-1.7816,-1.7723,-1.7630,-1.7537,-1.7444,-1.7352,-1.7259,-1.7166,-1.7073,-1.6981,-1.6888,-1.6796,-1.6704,-1.6611,-1.6519,-1.6427,-1.6335,-1.6243,-1.6151,-1.6059,-1.5967,-1.5875,-1.5783,-1.5692,-1.5600,-1.5509,-1.5417,-1.5326,-1.5234,-1.5143,-1.5052,-1.4961,-1.4869,-1.4778,-1.4687,-1.4596,-1.4506,-1.4415,-1.4324,-1.4233,-1.4143,-1.4052,-1.3962,-1.3871,-1.3781,-1.3690,-1.3600,-1.3510,-1.3420,-1.3330,-1.3240,-1.3150,-1.3060,-1.2970,-1.2880,-1.2790,-1.2701,-1.2611,-1.2521,-1.2432,-1.2343,-1.2253,-1.2164,-1.2075,-1.1985,-1.1896,-1.1807,-1.1718,-1.1629,-1.1540,-1.1451,-1.1362,-1.1274,-1.1185,-1.1096,-1.1008,-1.0919,-1.0831,-1.0742,-1.0654,-1.0566,-1.0478,-1.0389,-1.0301,-1.0213,-1.0125,-1.0037,-0.9949,-0.9861,-0.9774,-0.9686,-0.9598,-0.9511,-0.9423,-0.9335,-0.9248,-0.9161,-0.9073,-0.8986,-0.8899,-0.8811,-0.8724,-0.8637,-0.8550,-0.8463,-0.8376,-0.8289,-0.8203,-0.8116,-0.8029,-0.7943,-0.7856,-0.7769,-0.7683,-0.7596,-0.7510,-0.7424,-0.7337,-0.7251,-0.7165,-0.7079,-0.6993,-0.6907,-0.6821,-0.6735,-0.6649,-0.6563,-0.6478,-0.6392,-0.6306,-0.6221,-0.6135,-0.6050,-0.5964,-0.5879,-0.5793,-0.5708,-0.5623,-0.5538,-0.5453,-0.5367,-0.5282,-0.5197,-0.5112,-0.5028,-0.4943,-0.4858,-0.4773,-0.4689,-0.4604,-0.4519,-0.4435,-0.4350,-0.4266,-0.4182,-0.4097,-0.4013,-0.3929,-0.3845,-0.3760,-0.3676,-0.3592,-0.3508,-0.3424,-0.3341,-0.3257,-0.3173,-0.3089,-0.3006,-0.2922,-0.2838,-0.2755,-0.2671,-0.2588,-0.2504,-0.2421,-0.2338,-0.2255,-0.2171,-0.2088,-0.2005,-0.1922,-0.1839,-0.1756,-0.1673,-0.1590,-0.1508,-0.1425,-0.1342,-0.1259,-0.1177,-0.1094,-0.1012,-0.0929,-0.0847,-0.0764,-0.0682,-0.0600,-0.0518,-0.0435,-0.0353,-0.0271,-0.0189,-0.0107,-0.0025,0.0057,0.0139,0.0220,0.0302,0.0384,0.0466,0.0547,0.0629,0.0710,0.0792,0.0873,0.0955,0.1036,0.1117,0.1199,0.1280,0.1361,0.1442,0.1523,0.1604,0.1685,0.1766,0.1847,0.1928,0.2009,0.2089,0.2170,0.2251,0.2331,0.2412,0.2493,0.2573,0.2654,0.2734,0.2814,0.2895,0.2975,0.3055,0.3135,0.3215,0.3295,0.3375,0.3455,0.3535,0.3615,0.3695,0.3775,0.3855,0.3935,0.4014,0.4094,0.4173,0.4253,0.4333,0.4412,0.4491,0.4571,0.4650,0.4729,0.4809,0.4888,0.4967,0.5046,0.5125,0.5204,0.5283,0.5362,0.5441,0.5520,0.5599,0.5678,0.5756,0.5835,0.5914,0.5992,0.6071,0.6149,0.6228,0.6306,0.6385,0.6463,0.6541,0.6620,0.6698,0.6776,0.6854,0.6932,0.7010,0.7088,0.7166,0.7244,0.7322,0.7400,0.7478,0.7555,0.7633,0.7711,0.7788,0.7866,0.7944,0.8021,0.8099,0.8176,0.8253,0.8331,0.8408,0.8485,0.8562,0.8640,0.8717,0.8794,0.8871,0.8948,0.9025,0.9102,0.9179,0.9256,0.9332,0.9409,0.9486,0.9563,0.9639,0.9716,0.9792,0.9869,0.9945,1.0022,1.0098,1.0175,1.0251,1.0327,1.0403,1.0480,1.0556,1.0632,1.0708,1.0784,1.0860,1.0936,1.1012,1.1088,1.1164,1.1239,1.1315,1.1391,1.1467,1.1542,1.1618,1.1693,1.1769,1.1844,1.1920,1.1995,1.2071,1.2146,1.2221,1.2296,1.2372,1.2447,1.2522,1.2597,1.2672,1.2747,1.2822,1.2897,1.2972,1.3047,1.3121,1.3196,1.3271,1.3346,1.3420,1.3495,1.3570,1.3644,1.3719,1.3793,1.3868,1.3942,1.4016,1.4091,1.4165,1.4239,1.4313,1.4387,1.4462,1.4536,1.4610,1.4684,1.4758,1.4832,1.4905,1.4979,1.5053,1.5127,1.5201,1.5274,1.5348,1.5422,1.5495,1.5569,1.5642,1.5716,1.5789,1.5863,1.5936,1.6009,1.6083,1.6156,1.6229,1.6302,1.6375,1.6448,1.6522,1.6595,1.6668,1.6740,1.6813,1.6886,1.6959,1.7032,1.7105,1.7177,1.7250,1.7323,1.7395,1.7468,1.7541,1.7613,1.7685,1.7758,1.7830,1.7903,1.7975,1.8047,1.8120,1.8192,1.8264,1.8336,1.8408,1.8480,1.8552,1.8624,1.8696,1.8768,1.8840,1.8912,1.8984,1.9055,1.9127,1.9199,1.9271,1.9342,1.9414,1.9485,1.9557,1.9628,1.9700,1.9771,1.9843,1.9914,1.9985,2.0057,2.0128,2.0199,2.0270,2.0341,2.0412,2.0484,2.0555,2.0626,2.0696,2.0767,2.0838,2.0909,2.0980,2.1051,2.1121,2.1192,2.1263,2.1333,2.1404,2.1475,2.1545,2.1616,2.1686,2.1757,2.1827,2.1897,2.1968,2.2038,2.2108,2.2178,2.2249,2.2319,2.2389,2.2459,2.2529,2.2599,2.2669,2.2739,2.2809,2.2879,2.2948,2.3018,2.3088,2.3158,2.3227,2.3297,2.3367,2.3436,2.3506,2.3575,2.3645,2.3714,2.3784,2.3853,2.3922,2.3992,2.4061,2.4130,2.4200,2.4269,2.4338,2.4407,2.4476,2.4545,2.4614,2.4683,2.4752,2.4821,2.4890,2.4959,2.5027,2.5096,2.5165,2.5234,2.5302,2.5371,2.5440,2.5508,2.5577,2.5645,2.5714,2.5782,2.5851,2.5919,2.5987,2.6056,2.6124,2.6192,2.6260,2.6328,2.6397,2.6465,2.6533,2.6601,2.6669,2.6737,2.6805,2.6873,2.6940,2.7008,2.7076,2.7144,2.7212,2.7279,2.7347,2.7415,2.7482,2.7550,2.7617,2.7685,2.7752,2.7820,2.7887,2.7955,2.8022,2.8089,2.8156,2.8224,2.8291,2.8358,2.8425,2.8492,2.8559,2.8626,2.8693,2.8760,2.8827,2.8894,2.8961,2.9028,2.9095,2.9162,2.9228,2.9295,2.9362,2.9429,2.9495,2.9562,2.9628,2.9695,2.9761,2.9828,2.9894,2.9961,3.0027,3.0093,3.0160,3.0226,3.0292,3.0358,3.0425,3.0491,3.0557,3.0623,3.0689,3.0755,3.0821,3.0887,3.0953,3.1019,3.1085,3.1150,3.1216,3.1282,3.1348
-20,-1.6911,-1.4185,-1.2676,-1.1509,-1.0526,-0.9664,-0.8887,-0.8176,-0.7517,-0.6902,-0.6322,-0.5774,-0.5252,-0.4754,-0.4277,-0.3819,-0.3378,-0.2952,-0.2540,-0.2142,-0.1755,-0.1380,-0.1015,-0.0660,-0.0314,0.0024,0.0354,0.0676,0.0990,0.1298,0.1600,0.1895,0.2185,0.2469,0.2747,0.3021,0.3289,0.3553,0.3812,0.4067,0.4317,0.4564,0.4807,0.5046,0.5281,0.5512,0.5741,0.5966,0.6187,0.6406,0.6621,0.6834,0.7044,0.7251,0.7455,0.7657,0.7856,0.8052,0.8246,0.8438,0.8627,0.8815,0.9000,0.9182,0.9363,0.9542,0.9718,0.9893,1.0065,1.0236,1.0405,1.0572,1.0737,1.0901,1.1063,1.1223,1.1381,1.1538,1.1694,1.1847,1.1999,1.2150,1.2299,1.2447,1.2593,1.2738,1.2882,1.3024,1.3165,1.3304,1.3442,1.3579,1.3715,1.3849,1.3982,1.4114,1.4245,1.4375,1.4503,1.4631,1.4757,1.4882,1.5006,1.5129,1.5251,1.5371,1.5491,1.5610,1.5728,1.5845,1.5960,1.6075,1.6189,1.6302,1.6414,1.6525,1.6635,1.6744,1.6853,1.6960,1.7067,1.7172,1.7277,1.7381,1.7485,1.7587,1.7689,1.7789,1.7889,1.7989,1.8087,1.8185,1.8281,1.8378,1.8473,1.8568,1.8661,1.8755,1.8847,1.8939,1.9030,1.9120,1.9210,1.9299,1.9387,1.9475,1.9562,1.9648,1.9734,1.9819,1.9903,1.9987,2.0070,2.0152,2.0234,2.0315,2.0396,2.0476,2.0555,2.0634,2.0712,2.0790,2.0867,2.0943,2.1019,2.1095,2.1169,2.1244,2.1317,2.1390,2.1463,2.1535,2.1607,2.1678,2.1748,2.1818,2.1887,2.1956,2.2025,2.2092,2.2160,2.2227,2.2293,2.2359,2.2424,2.2489,2.2554,2.2618,2.2681,2.2744,2.2807,2.2869,2.2930,2.2991,2.3052,2.3112,2.3172,2.3232,2.3290,2.3349,2.3407,2.3464,2.3522,2.3578,2.3635,2.3690,2.3746,2.3801,2.3855,2.3910,2.3963,2.4017,2.4070,2.4122,2.4174,2.4226,2.4278,2.4328,2.4379,2.4429,2.4479,2.4528,2.4577,2.4626,2.4674,2.4722,2.4770,2.4817,2.4864,2.4910,2.4956,2.5002,2.5047,2.5092,2.5137,2.5181,2.5225,2.5268,2.5311,2.5354,2.5397,2.5439,2.5481,2.5522,2.5563,2.5604,2.5644,2.5684,2.5724,2.5764,2.5803,2.5841,2.5880,2.5918,2.5956,2.5993,2.6030,2.6067,2.6104,2.6140,2.6176,2.6211,2.6247,2.6282,2.6316,2.6351,2.6385,2.6418,2.6452,2.6485,2.6518,2.6550,2.6583,2.6614,2.6646,2.6677,2.6709,2.6739,2.6770,2.6800,2.6830,2.6860,2.6889,2.6918,2.6947,2.6975,2.7003,2.7031,2.7059,2.7086,2.7114,2.7140,2.7167,2.7193,2.7219,2.7245,2.7271,2.7296,2.7321,2.7345,2.7370,2.7394,2.7418,2.7442,2.7465,2.7488,2.7511,2.7534,2.7556,2.7578,2.7600,2.7622,2.7643,2.7664,2.7685,2.7706,2.7726,2.7746,2.7766,2.7786,2.7805,2.7824,2.7843,2.7862,2.7880,2.7898,2.7916,2.7934,2.7952,2.7969,2.7986,2.8003,2.8019,2.8036,2.8052,2.8068,2.8083,2.8099,2.8114,2.8129,2.8143,2.8158,2.8172,2.8186,2.8200,2.8214,2.8227,2.8240,2.8253,2.8266,2.8278,2.8291,2.8303,2.8315,2.8326,2.8338,2.8349,2.8360,2.8371,2.8381,2.8392,2.8402,2.8412,2.8421,2.8431,2.8440,2.8449,2.8458,2.8467,2.8475,2.8484,2.8492,2.8500,2.8507,2.8515,2.8522,2.8529,2.8536,2.8543,2.8549,2.8556,2.8562,2.8568,2.8573,2.8579,2.8584,2.8589,2.8594,2.8599,2.8603,2.8608,2.8612,2.8616,2.8620,2.8623,2.8627,2.8630,2.8633,2.8636,2.8638,2.8641,2.8643,2.8645,2.8647,2.8649,2.8650,2.8651,2.8653,2.8654,2.8654,2.8655,2.8655,2.8656,2.8656,2.8656,2.8655,2.8655,2.8654,2.8653,2.8652,2.8651,2.8650,2.8648,2.8647,2.8645,2.8643,2.8641,2.8638,2.8636,2.8633,2.8630,2.8627,2.8624,2.8620,2.8617,2.8613,2.8609,2.8605,2.8601,2.8596,2.8592,2.8587,2.8582,2.8577,2.8572,2.8566,2.8561,2.8555,2.8549,2.8543,2.8537,2.8530,2.8524,2.8517,2.8510,2.8503,2.8496,2.8488,2.8481,2.8473,2.8465,2.8457,2.8449,2.8441,2.8432,2.8424,2.8415,2.8406,2.8397,2.8388,2.8378,2.8369,2.8359,2.8349,2.8339,2.8329,2.8318,2.8308,2.8297,2.8287,2.8276,2.8265,2.8253,2.8242,2.8230,2.8219,2.8207,2.8195,2.8183,2.8170,2.8158,2.8145,2.8133,2.8120,2.8107,2.8093,2.8080,2.8067,2.8053,2.8039,2.8025,2.8011,2.7997,2.7983,2.7968,2.7954,2.7939,2.7924,2.7909,2.7894,2.7879,2.7863,2.7847,2.7832,2.7816,2.7800,2.7784,2.7767,2.7751,2.7734,2.7717,2.7701,2.7684,2.7666,2.7649,2.7632,2.7614,2.7597,2.7579,2.7561,2.7543,2.7524,2.7506,2.7488,2.7469,2.7450,2.7431,2.7412,2.7393,2.7374,2.7354,2.7335,2.7315,2.7295,2.7275,2.7255,2.7235,2.7214,2.7194,2.7173,2.7153,2.7132,2.7111,2.7090,2.7068,2.7047,2.7025,2.7004,2.6982,2.6960,2.6938,2.6916,2.6893,2.6871,2.6848,2.6826,2.6803,2.6780,2.6757,2.6734,2.6711,2.6687,2.6664,2.6640,2.6616,2.6592,2.6568,2.6544,2.6520,2.6495,2.6471,2.6446,2.6421,2.6396,2.6371,2.6346,2.6321,2.6295,2.6270,2.6244,2.6218,2.6192,2.6166,2.6140,2.6114,2.6088,2.6061,2.6035,2.6008,2.5981,2.5954,2.5927,2.5900,2.5872,2.5845,2.5818,2.5790,2.5762,2.5734,2.5706,2.5678,2.5650,2.5621,2.5593,2.5564,2.5536,2.5507,2.5478,2.5449,2.5420,2.5390,2.5361,2.5331,2.5302,2.5272,2.5242,2.5212,2.5182,2.5152,2.5121,2.5091,2.5060,2.5030,2.4999,2.4968,2.4937,2.4906,2.4875,2.4844,2.4812,2.4781,2.4749,2.4717,2.4685,2.4653,2.4621,2.4589,2.4557,2.4524,2.4492,2.4459,2.4426,2.4393,2.4361,2.4327,2.4294,2.4261,2.4228,2.4194,2.4160,2.4127,2.4093,2.4059,2.4025,2.3991,2.3956,2.3922,2.3888,2.3853,2.3818,2.3784,2.3749,2.3714,2.3679,2.3643,2.3608,2.3573,2.3537,2.3501,2.3466,2.3430,2.3394,2.3358,2.3322,2.3286,2.3249,2.3213,2.3176,2.3140,2.3103,2.3066,2.3029,2.2992,2.2955,2.2917,2.2880,2.2843,2.2805,2.2767,2.2729,2.2692,2.2654,2.2616,2.2577,2.2539,2.2501,2.2462,2.2424,2.2385,2.2346,2.2307,2.2268,2.2229,2.2190,2.2151,2.2111,2.2072,2.2032,2.1993,2.1953,2.1913,2.1873,2.1833,2.1793,2.1752,2.1712,2.1672,2.1631,2.1590,2.1550,2.1509,2.1468,2.1427,2.1386,2.1344,2.1303,2.1262,2.1220,2.1179,2.1137,2.1095,2.1053,2.1011,2.0969,2.0927,2.0885,2.0842,2.0800,2.0757,2.0715,2.0672,2.0629,2.0586,2.0543,2.0500,2.0457,2.0413,2.0370,2.0326,2.0283,2.0239,2.0195,2.0151,2.0107,2.0063,2.0019,1.9975,1.9931,1.9886,1.9842,1.9797,1.9752,1.9708,1.9663,1.9618,1.9573,1.9528,1.9482,1.9437,1.9392,1.9346,1.9300,1.9255,1.9209,1.9163,1.9117,1.9071,1.9025,1.8979,1.8932,1.8886,1.8839,1.8793,1.8746,1.8699,1.8652,1.8605,1.8558,1.8511,1.8464,1.8417,1.8369,1.8322,1.8274,1.8227,1.8179,1.8131,1.8083,1.8035,1.7987,1.7939,1.7891,1.7842,1.7794,1.7745,1.7697,1.7648,1.7599,1.7550,1.7501,1.7452,1.7403,1.7354,1.7305,1.7255,1.7206,1.7156,1.7106,1.7057,1.7007,1.6957,1.6907,1.6857,1.6807,1.6757,1.6706,1.6656,1.6605,1.6555,1.6504,1.6453,1.6402,1.6352,1.6301,1.6249,1.6198,1.6147,1.6096,1.6044,1.5993,1.5941,1.5890,1.5838,1.5786,1.5734,1.5682,1.5630,1.5578,1.5526,1.5473,1.5421,1.5368,1.5316,1.5263,1.5210,1.5157,1.5105,1.5052,1.4999,1.4945,1.4892,1.4839,1.4785,1.4732,1.4678,1.4625,1.4571,1.4517,1.4463,1.4409,1.4355,1.4301,1.4247,1.4193,1.4138,1.4084,1.4030,1.3975,1.3920,1.3865,1.3811,1.3756,1.3701,1.3646,1.3591,1.3535,1.3480,1.3425,1.3369,1.3314,1.3258,1.3202,1.3146,1.3091,1.3035,1.2979,1.2923,1.2866,1.2810,1.2754,1.2697,1.2641,1.2584,1.2528,1.2471,1.2414,1.2357,1.2300,1.2243,1.2186,1.2129,1.2072,1.2014,1.1957,1.1900,1.1842,1.1784,1.1727,1.1669,1.1611,1.1553,1.1495,1.1437,1.1379,1.1320,1.1262,1.1204,1.1145,1.1087,1.1028,1.0969,1.0911,1.0852,1.0793,1.0734,1.0675,1.0616,1.0556,1.0497,1.0438,1.0378,1.0319,1.0259,1.0199,1.0140,1.0080,1.0020,0.9960,0.9900,0.9840,0.9780,0.9719,0.9659,0.9599,0.9538,0.9477,0.9417,0.9356,0.9295,0.9234,0.9174,0.9113,0.9051,0.8990,0.8929,0.8868,0.8806,0.8745,0.8683,0.8622,0.8560,0.8498,0.8437,0.8375,0.8313,0.8251,0.8189,0.8127,0.8064,0.8002,0.7940,0.7877,0.7815,0.7752,0.7689,0.7627,0.7564,0.7501,0.7438,0.7375,0.7312,0.7249,0.7185,0.7122,0.7059,0.6995,0.6932,0.6868,0.6805,0.6741,0.6677,0.6613,0.6549,0.6485,0.6421,0.6357,0.6293,0.6228,0.6164,0.6100,0.6035,0.5970,0.5906,0.5841,0.5776,0.5711,0.5647,0.5582,0.5517,0.5451,0.5386,0.5321,0.5256,0.5190,0.5125,0.5059
-20,5.3895,5.8590,6.1028,6.2835,6.4303,6.5554,6.6648,6.7623,6.8505,6.9310,7.0050,7.0736,7.1375,7.1972,7.2533,7.3061,7.3560,7.4032,7.4480,7.4907,7.5313,7.5700,7.6070,7.6424,7.6763,7.7088,7.7400,7.7699,7.7987,7.8264,7.8531,7.8788,7.9036,7.9275,7.9505,7.9728,7.9943,8.0151,8.0351,8.0546,8.0733,8.0915,8.1091,8.1261,8.1426,8.1586,8.1741,8.1891,8.2036,8.2177,8.2314,8.2446,8.2574,8.2699,8.2820,8.2937,8.3050,8.3161,8.3268,8.3371,8.3472,8.3569,8.3664,8.3756,8.3845,8.3931,8.4015,8.4096,8.4175,8.4251,8.4325,8.4397,8.4467,8.4534,8.4599,8.4662,8.4724,8.4783,8.4840,8.4896,8.4950,8.5001,8.5052,8.5100,8.5147,8.5192,8.5236,8.5278,8.5319,8.5358,8.5396,8.5433,8.5468,8.5501,8.5534,8.5565,8.5595,8.5623,8.5651,8.5677,8.5702,8.5726,8.5749,8.5771,8.5792,8.5812,8.5830,8.5848,8.5865,8.5881,8.5896,8.5910,8.5923,8.5935,8.5946,8.5957,8.5966,8.5975,8.5983,8.5991,8.5997,8.6003,8.6008,8.6012,8.6016,8.6019,8.6021,8.6023,8.6024,8.6024,8.6024,8.6024,8.6024,8.6024,8.6024,8.6024,8.6024,8.6024,8.6024,8.6024,8.6024,8.6024,8.6024,8.6024,8.6024,8.6024,8.6024,8.6024,8.6024,8.6024,8.6024,8.6024,8.6024,8.6024,8.6024,8.6024,8.6024,8.6024,8.6024,8.6024,8.6024,8.6024,8.6024,8.6024,8.6024,8.6024,8.6024,8.6024,8.6024,8.6024,8.6024,8.6024,8.6024,8.6024,8.6024,8.6024,8.6024,8.6024,8.6024,8.6024,8.6024,8.6024,8.6024,8.6024,8.6024,8.6024,8.6024,8.6024,8.6024,8.6024,8.6024,8.6024,8.6024,8.6024,8.6024,8.6024,8.6024,8.6024,8.6024,8.6024,8.6024,8.6024,8.6024,8.6024,8.6024,8.6024,8.6024,8.6024,8.6024,8.6024,8.6024,8.6024,8.6024,8.6024,8.6024,8.6024,8.6024,8.6024,8.6024,8.6024,8.6024,8.6024,8.6024,8.6024,8.6024,8.6024,8.6024,8.6024,8.6024,8.6024,8.6024,8.6024,8.6024,8.6024,8.6024,8.6024,8.6024,8.6024,8.6024,8.6024,8.6024,8.6024,8.6024,8.6024,8.6024,8.6024,8.6024,8.6024,8.6024,8.6024,8.6024,8.6024,8.6024,8.6024,8.6024,8.6024,8.6024,8.6024,8.6024,8.6024,8.6024,8.6024,8.6024,8.6024,8.6024,8.6024,8.6024,8.6024,8.6024,8.6024,8.6024,8.6024,8.6024,8.6024,8.6024,8.6024,8.6024,8.6024,8.6024,8.6024,8.6024,8.6024,8.6024,8.6024,8.6024,8.6024,8.6024,8.6024,8.6024,8.6024,8.6024,8.6024,8.6024,8.6024,8.6024,8.6024,8.6024,8.6024,8.6024,8.6024,8.6024,8.6024,8.6024,8.6024,8.6024,8.6024,8.6024,8.6024,8.6024,8.6024,8.6024,8.6024,8.6024,8.6024,8.6024,8.6024,8.6024,8.6024,8.6024,8.6024,8.6024,8.6024,8.6024,8.6024,8.6024,8.6024,8.6024,8.6024,8.6024,8.6024,8.6024,8.6024,8.6024,8.6024,8.6024,8.6024,8.6024,8.6024,8.6024,8.6024,8.6024,8.6024,8.6024,8.6024,8.6024,8.6024,8.6024,8.6024,8.6024,8.6024,8.6024,8.6024,8.6024,8.6024,8.6024,8.6024,8.6024,8.6024,8.6024,8.6024,8.6024,8.6024,8.6024,8.6024,8.6024,8.6024,8.6024,8.6024,8.6024,8.6024,8.6024,8.6024,8.6024,8.6024,8.6024,8.6024,8.6024,8.6024,8.6024,8.6024,8.6024,8.6024,8.6024,8.6024,8.6024,8.6024,8.6024,8.6024,8.6024,8.6024,8.6024,8.6024,8.6024,8.6024,8.6024,8.6024,8.6024,8.6024,8.6024,8.6024,8.6024,8.6024,8.6024,8.6024,8.6024,8.6024,8.6024,8.6024,8.6024,8.6024,8.6024,8.6024,8.6024,8.6024,8.6024,8.6024,8.6024,8.6024,8.6024,8.6024,8.6024,8.6024,8.6024,8.6024,8.6024,8.6024,8.6024,8.6024,8.6024,8.6024,8.6024,8.6024,8.6024,8.6024,8.6024,8.6024,8.6024,8.6024,8.6024,8.6024,8.6024,8.6024,8.6024,8.6024,8.6024,8.6024,8.6024,8.6024,8.6024,8.6024,8.6024,8.6024,8.6024,8.6024,8.6024,8.6024,8.6024,8.6024,8.6024,8.6024,8.6024,8.6024,8.6024,8.6024,8.6024,8.6024,8.6024,8.6024,8.6024,8.6024,8.6024,8.6024,8.6024,8.6024,8.6024,8.6024,8.6024,8.6024,8.6024,8.6024,8.6024,8.6024,8.6024,8.6024,8.6024,8.6024,8.6024,8.6024,8.6024,8.6024,8.6024,8.6024,8.6024,8.6024,8.6024,8.6024,8.6024,8.6024,8.6024,8.6024,8.6024,8.6024,8.6024,8.6024,8.6024,8.6024,8.6024,8.6024,8.6024,8.6024,8.6024,8.6024,8.6024,8.6024,8.6024,8.6024,8.6024,8.6024,8.6024,8.6024,8.6024,8.6024,8.6024,8.6024,8.6024,8.6024,8.6024,8.6024,8.6024,8.6024,8.6024,8.6024,8.6024,8.6024,8.6024,8.6024,8.6024,8.6024,8.6024,8.6024,8.6024,8.6024,8.6024,8.6024,8.6024,8.6024,8.6024,8.6024,8.6024,8.6024,8.6024,8.6024,8.6024,8.6024,8.6024,8.6024,8.6024,8.6024,8.6024,8.6024,8.6024,8.6024,8.6024,8.6024,8.6024,8.6024,8.6024,8.6024,8.6024,8.6024,8.6024,8.6024,8.6024,8.6024,8.6024,8.6024,8.6024,8.6024,8.6024,8.6024,8.6024,8.6024,8.6024,8.6024,8.6024,8.6024,8.6024,8.6024,8.6024,8.6024,8.6024,8.6024,8.6024,8.6024,8.6024,8.6024,8.6024,8.6024,8.6024,8.6024,8.6024,8.6024,8.6024,8.6024,8.6024,8.6024,8.6024,8.6024,8.6024,8.6024,8.6024,8.6024,8.6024,8.6024,8.6024,8.6024,8.6024,8.6024,8.6024,8.6024,8.6024,8.6024,8.6024,8.6024,8.6024,8.6024,8.6024,8.6024,8.6024,8.6024,8.6024,8.6024,8.6024,8.6024,8.6024,8.6024,8.6024,8.6024,8.6024,8.6024,8.6024,8.6024,8.6024,8.6024,8.6024,8.6024,8.6024,8.6024,8.6024,8.6024,8.6024,8.6024,8.6024,8.6024,8.6024,8.6024,8.6024,8.6024,8.6024,8.6024,8.6024,8.6024,8.6024,8.6024,8.6024,8.6024,8.6024,8.6024,8.6024,8.6024,8.6024,8.6024,8.6024,8.6024,8.6024,8.6024,8.6024,8.6024,8.6024,8.6024,8.6024,8.6024,8.6024,8.6024,8.6024,8.6024,8.6024,8.6024,8.6024,8.6024,8.6024,8.6024,8.6024,8.6024,8.6024,8.6024,8.6024,8.6024,8.6024,8.6024,8.6024,8.6024,8.6024,8.6024,8.6024,8.6024,8.6024,8.6024,8.6024,8.6024,8.6024,8.6024,8.6024,8.6024,8.6024,8.6024,8.6024,8.6024,8.6024,8.6024,8.6024,8.6024,8.6024,8.6024,8.6024,8.6024,8.6024,8.6024,8.6024,8.6024,8.6024,8.6024,8.6024,8.6024,8.6024,8.6024,8.6024,8.6024,8.6024,8.6024,8.6024,8.6024,8.6024,8.6024,8.6024,8.6024,8.6024,8.6024,8.6024,8.6024,8.6024,8.6024,8.6024,8.6024,8.6024,8.6024,8.6024,8.6024,8.6024,8.6024,8.6024,8.6024,8.6024,8.6024,8.6024,8.6024,8.6024,8.6024,8.6024,8.6024,8.6024,8.6024,8.6024,8.6024,8.6024,8.6024,8.6024,8.6024,8.6024,8.6024,8.6024,8.6024,8.6024,8.6024,8.6024,8.6024,8.6024,8.6024,8.6024,8.6024,8.6024,8.6024,8.6024,8.6024,8.6024,8.6024,8.6024,8.6024,8.6024,8.6024,8.6024,8.6024,8.6024,8.6024,8.6024,8.6024,8.6024,8.6024,8.6024,8.6024,8.6024,8.6024,8.6024,8.6024,8.6024,8.6024,8.6024,8.6024,8.6024,8.6024,8.6024,8.6024,8.6024,8.6024,8.6024,8.6024,8.6024,8.6024,8.6047,8.6096,8.6145,8.6195,8.6245,8.6295,8.6345,8.6395,8.6446,8.6496,8.6547,8.6598,8.6649,8.6701,8.6752,8.6804,8.6855,8.6907,8.6959,8.7012,8.7064,8.7117,8.7170,8.7223,8.7276,8.7329,8.7382,8.7436,8.7490,8.7544,8.7598,8.7652,8.7707,8.7761,8.7816,8.7871,8.7926,8.7981,8.8037,8.8093,8.8148,8.8204,8.8260,8.8317,8.8373,8.8430,8.8486,8.8543,8.8601,8.8658,8.8715,8.8773,8.8831,8.8889,8.8947,8.9005,8.9063,8.9122,8.9181,8.9240,8.9299,8.9358,8.9417,8.9477,8.9537,8.9597,8.9657,8.9717,8.9778,8.9838,8.9899,8.9960,9.0021,9.0082,9.0144,9.0205,9.0267,9.0329,9.0391,9.0453,9.0516,9.0578,9.0641,9.0704,9.0767,9.0830,9.0894,9.0957,9.1021,9.1085,9.1149,9.1213,9.1278,9.1342,9.1407,9.1472,9.1537,9.1602,9.1667,9.1733,9.1799,9.1865,9.1931,9.1997,9.2063,9.2130,9.2196,9.2263,9.2330,9.2398,9.2465,9.2532,9.2600,9.2668,9.2736,9.2804,9.2873,9.2941,9.3010,9.3079,9.3148,9.3217,9.3286,9.3356,9.3425,9.3495,9.3565,9.3635,9.3706,9.3776,9.3847,9.3918,9.3989,9.4060,9.4131,9.4203,9.4274,9.4346,9.4418,9.4490,9.4563,9.4635,9.4708,9.4781,9.4854,9.4927,9.5000,9.5073,9.5147,9.5221,9.5295,9.5369,9.5443,9.5518,9.5592,9.5667,9.5742,9.5817,9.5892,9.5968,9.6043,9.6119,9.6195,9.6271,9.6347,9.6424,9.6500,9.6577,9.6654,9.6731,9.6808,9.6886,9.6963,9.7041,9.7119,9.7197,9.7275,9.7353,9.7432,9.7511,9.7590,9.7669,9.7748,9.7827,9.7907,9.7986,9.8066,9.8146,9.8226,9.8307,9.8387,9.8468,9.8549,9.8630,9.8711,9.8792,9.8874,9.8955,9.9037,9.9119,9.9201,9.9283,9.9366,9.9448,9.9531,9.9614,9.9697,9.9781
-20,4.5677,5.1643,5.4801,5.7173,5.9124,6.0801,6.2283,6.3617,6.4832,6.5950,6.6988,6.7957,6.8867,6.9724,7.0534,7.1304,7.2036,7.2734,7.3402,7.4041,7.4655,7.5244,7.5812,7.6359,7.6886,7.7395,7.7888,7.8364,7.8826,7.9273,7.9707,8.0128,8.0537,8.0935,8.1321,8.1697,8.2063,8.2420,8.2767,8.3106,8.3436,8.3758,8.4072,8.4379,8.4679,8.4972,8.5258,8.5537,8.5811,8.6078,8.6340,8.6596,8.6846,8.7091,8.7331,8.7566,8.7797,8.8022,8.8243,8.8460,8.8672,8.8881,8.9085,8.9285,8.9481,8.9674,8.9863,9.0048,9.0230,9.0409,9.0584,9.0756,9.0925,9.1090,9.1253,9.1413,9.1570,9.1724,9.1876,9.2025,9.2171,9.2314,9.2456,9.2594,9.2730,9.2864,9.2996,9.3125,9.3252,9.3377,9.3500,9.3621,9.3740,9.3856,9.3971,9.4084,9.4195,9.4304,9.4411,9.4516,9.4620,9.4722,9.4822,9.4921,9.5018,9.5113,9.5207,9.5299,9.5390,9.5479,9.5567,9.5653,9.5738,9.5821,9.5903,9.5984,9.6064,9.6142,9.6218,9.6294,9.6368,9.6441,9.6513,9.6584,9.6653,9.6721,9.6788,9.6854,9.6919,9.6983,9.7046,9.7107,9.7168,9.7228,9.7286,9.7344,9.7401,9.7456,9.7511,9.7565,9.7618,9.7670,9.7721,9.7771,9.7820,9.7868,9.7916,9.7963,9.8009,9.8054,9.8098,9.8141,9.8184,9.8226,9.8267,9.8308,9.8347,9.8386,9.8424,9.8462,9.8499,9.8535,9.8570,9.8605,9.8639,9.8672,9.8705,9.8737,9.8769,9.8800,9.8830,9.8860,9.8889,9.8917,9.8945,9.8972,9.8999,9.9025,9.9051,9.9076,9.9100,9.9124,9.9147,9.9170,9.9193,9.9215,9.9236,9.9257,9.9277,9.9297,9.9316,9.9335,9.9354,9.9372,9.9389,9.9406,9.9423,9.9439,9.9455,9.9470,9.9485,9.9500,9.9514,9.9527,9.9541,9.9554,9.9566,9.9578,9.9590,9.9601,9.9612,9.9622,9.9633,9.9642,9.9652,9.9661,9.9670,9.9678,9.9686,9.9694,9.9701,9.9708,9.9715,9.9721,9.9727,9.9733,9.9739,9.9744,9.9749,9.9753,9.9757,9.9761,9.9765,9.9768,9.9771,9.9774,9.9777,9.9779,9.9781,9.9782,9.9784,9.9785,9.9786,9.9787,9.9787,9.9787,9.9787,9.9787,9.9787,9.9787,9.9787,9.9787,9.9787,9.9787,9.9787,9.9787,9.9787,9.9787,9.9787,9.9787,9.9787,9.9787,9.9787,9.9787,9.9787,9.9787,9.9787,9.9787,9.9787,9.9787,9.9787,9.9787,9.9787,9.9787,9.9787,9.9787,9.9787,9.9787,9.9787,9.9787,9.9787,9.9787,9.9787,9.9787,9.9787,9.9787,9.9787,9.9787,9.9787,9.9787,9.9787,9.9787,9.9787,9.9787,9.9787,9.9787,9.9787,9.9787,9.9787,9.9787,9.9787,9.9787,9.9787,9.9787,9.9787,9.9787,9.9787,9.9787,9.9787,9.9787,9.9787,9.9787,9.9787,9.9787,9.9787,9.9787,9.9787,9.9787,9.9787,9.9787,9.9787,9.9787,9.9787,9.9787,9.9787,9.9787,9.9787,9.9787,9.9787,9.9787,9.9787,9.9787,9.9787,9.9787,9.9787,9.9787,9.9787,9.9787,9.9787,9.9787,9.9787,9.9787,9.9787,9.9787,9.9787,9.9787,9.9787,9.9787,9.9787,9.9787,9.9787,9.9787,9.9787,9.9787,9.9787,9.9787,9.9787,9.9787,9.9787,9.9787,9.9787,9.9787,9.9787,9.9787,9.9787,9.9787,9.9787,9.9787,9.9787,9.9787,9.9787,9.9787,9.9787,9.9787,9.9787,9.9787,9.9787,9.9787,9.9787,9.9787,9.9787,9.9787,9.9787,9.9787,9.9787,9.9787,9.9787,9.9787,9.9787,9.9787,9.9787,9.9787,9.9787,9.9787,9.9787,9.9787,9.9787,9.9787,9.9787,9.9787,9.9787,9.9787,9.9787,9.9787,9.9787,9.9787,9.9787,9.9787,9.9787,9.9787,9.9787,9.9787,9.9787,9.9787,9.9787,9.9787,9.9787,9.9787,9.9787,9.9787,9.9787,9.9787,9.9787,9.9787,9.9787,9.9787,9.9787,9.9787,9.9787,9.9787,9.9787,9.9787,9.9787,9.9787,9.9787,9.9787,9.9787,9.9787,9.9787,9.9787,9.9787,9.9787,9.9787,9.9787,9.9787,9.9787,9.9787,9.9787,9.9787,9.9787,9.9787,9.9787,9.9787,9.9787,9.9787,9.9787,9.9787,9.9787,9.9787,9.9787,9.9787,9.9787,9.9787,9.9787,9.9787,9.9787,9.9787,9.9787,9.9787,9.9787,9.9787,9.9787,9.9787,9.9787,9.9787,9.9787,9.9787,9.9787,9.9787,9.9787,9.9787,9.9787,9.9787,9.9787,9.9787,9.9787,9.9787,9.9787,9.9787,9.9787,9.9787,9.9787,9.9787,9.9787,9.9787,9.9787,9.9787,9.9787,9.9787,9.9787,9.9787,9.9787,9.9787,9.9787,9.9787,9.9787,9.9787,9.9787,9.9787,9.9787,9.9787,9.9787,9.9787,9.9787,9.9787,9.9787,9.9787,9.9787,9.9787,9.9787,9.9787,9.9787,9.9787,9.9787,9.9787,9.9787,9.9787,9.9787,9.9787,9.9787,9.9787,9.9787,9.9787,9.9787,9.9787,9.9787,9.9787,9.9787,9.9787,9.9787,9.9787,9.9787,9.9787,9.9787,9.9787,9.9787,9.9787,9.9787,9.9787,9.9787,9.9787,9.9787,9.9787,9.9787,9.9787,9.9787,9.9787,9.9787,9.9787,9.9787,9.9787,9.9787,9.9787,9.9787,9.9787,9.9787,9.9787,9.9787,9.9787,9.9787,9.9787,9.9787,9.9787,9.9787,9.9787,9.9787,9.9787,9.9787,9.9787,9.9787,9.9787,9.9787,9.9787,9.9787,9.9787,9.9787,9.9787,9.9787,9.9787,9.9787,9.9787,9.9787,9.9787,9.9787,9.9787,9.9787,9.9787,9.9787,9.9787,9.9787,9.9787,9.9787,9.9787,9.9787,9.9787,9.9787,9.9787,9.9787,9.9787,9.9787,9.9787,9.9787,9.9787,9.9787,9.9787,9.9787,9.9787,9.9787,9.9787,9.9787,9.9787,9.9787,9.9787,9.9787,9.9787,9.9787,9.9787,9.9787,9.9787,9.9787,9.9787,9.9787,9.9787,9.9787,9.9787,9.9787,9.9787,9.9787,9.9787,9.9787,9.9787,9.9787,9.9787,9.9787,9.9787,9.9787,9.9787,9.9787,9.9787,9.9787,9.9787,9.9787,9.9787,9.9787,9.9787,9.9787,9.9787,9.9787,9.9787,9.9787,9.9787,9.9787,9.9787,9.9787,9.9787,9.9787,9.9787,9.9787,9.9787,9.9787,9.9787,9.9787,9.9787,9.9787,9.9787,9.9787,9.9787,9.9787,9.9787,9.9787,9.9787,9.9787,9.9787,9.9787,9.9787,9.9787,9.9787,9.9787,9.9787,9.9787,9.9787,9.9787,9.9787,9.9787,9.9787,9.9787,9.9787,9.9787,9.9787,9.9787,9.9787,9.9787,9.9787,9.9787,9.9787,9.9787,9.9787,9.9787,9.9787,9.9787,9.9787,9.9787,9.9787,9.9787,9.9787,9.9787,9.9787,9.9787,9.9787,9.9787,9.9787,9.9787,9.9787,9.9787,9.9787,9.9787,9.9787,9.9787,9.9787,9.9787,9.9787,9.9787,9.9787,9.9787,9.9787,9.9787,9.9787,9.9787,9.9787,9.9787,9.9787,9.9787,9.9787,9.9787,9.9787,9.9787,9.9787,9.9787,9.9787,9.9787,9.9787,9.9787,9.9787,9.9787,9.9787,9.9787,9.9787,9.9787,9.9787,9.9787,9.9787,9.9787,9.9787,9.9787,9.9787,9.9787,9.9787,9.9787,9.9787,9.9787,9.9787,9.9787,9.9787,9.9787,9.9787,9.9787,9.9787,9.9787,9.9787,9.9787,9.9787,9.9787,9.9787,9.9787,9.9787,9.9787,9.9787,9.9787,9.9787,9.9787,9.9787,9.9787,9.9787,9.9787,9.9787,9.9787,9.9787,9.9787,9.9787,9.9787,9.9787,9.9787,9.9787,9.9787,9.9787,9.9787,9.9787,9.9787,9.9787,9.9787,9.9787,9.9787,9.9787,9.9787,9.9787,9.9787,9.9787,9.9787,9.9787,9.9787,9.9787,9.9787,9.9787,9.9787,9.9787,9.9787,9.9787,9.9787,9.9787,9.9787,9.9787,9.9787,9.9787,9.9787,9.9787,9.9787,9.9787,9.9787,9.9787,9.9787,9.9787,9.9787,9.9787,9.9787,9.9787,9.9787,9.9787,9.9787,9.9787,9.9787,9.9787,9.9787,9.9787,9.9787,9.9787,9.9787,9.9787,9.9787,9.9787,9.9787,9.9787,9.9787,9.9787,9.9787,9.9787,9.9787,9.9787,9.9787,9.9787,9.9787,9.9787,9.9787,9.9787,9.9787,9.9787,9.9787,9.9787,9.9787,9.9787,9.9787,9.9787,9.9787,9.9787,9.9787,9.9787,9.9787,9.9787,9.9787,9.9787,9.9787,9.9787,9.9787,9.9787,9.9787,9.9787,9.9787,9.9787,9.9787,9.9787,9.9787,9.9787,9.9787,9.9787,9.9787,9.9787,9.9787,9.9787,9.9787,9.9787,9.9787,9.9787,9.9787,9.9787,9.9787,9.9787,9.9787,9.9787,9.9787,9.9787,9.9787,9.9787,9.9787,9.9787,9.9787,9.9787,9.9787,9.9787,9.9787,9.9787,9.9787,9.9787,9.9787,9.9787,9.9787,9.9787,9.9787,9.9787,9.9787,9.9787,9.9787,9.9787,9.9787,9.9787,9.9787,9.9787,9.9787,9.9787,9.9787,9.9787,9.9787,9.9787,9.9787,9.9787,9.9787,9.9787,9.9787,9.9787,9.9787,9.9787,9.9787,9.9787,9.9787,9.9787,9.9787,9.9787,9.9787,9.9787,9.9787,9.9787,9.9787,9.9787,9.9787,9.9787,9.9787,9.9787,9.9787,9.9787,9.9787,9.9787,9.9787,9.9787,9.9787,9.9787,9.9787,9.9787,9.9787,9.9787,9.9787,9.9787,9.9787,9.9787,9.9787,9.9787,9.9787,9.9787,9.9787,9.9787,9.9787,9.9787,9.9787,9.9787,9.9787,9.9787,9.9787,9.9787,9.9787,9.9787,9.9787,9.9787,9.9787,9.9787,9.9787,9.9787,9.9787,9.9787,9.9787,9.9787,9.9787,9.9787,9.9787,9.9787,9.9787,9.9787,9.9787,9.9787,9.9787,9.9787,9.9787,9.9787,9.9787,9.9787,9.9787,9.9787,9.9787,9.9787,9.9787
-20,7.1139,6.8538,6.7153,6.6110,6.5249,6.4506,6.3848,6.3255,6.2712,6.2212,6.1746,6.1311,6.0901,6.0513,6.0146,5.9797,5.9464,5.9145,5.8840,5.8547,5.8265,5.7993,5.7731,5.7478,5.7233,5.6996,5.6766,5.6544,5.6327,5.6117,5.5913,5.5714,5.5520,5.5331,5.5147,5.4968,5.4793,5.4622,5.4455,5.4291,5.4132,5.3975,5.3822,5.3673,5.3526,5.3383,5.3242,5.3104,5.2968,5.2836,5.2706,5.2578,5.2452,5.2329,5.2208,5.2089,5.1972,5.1858,5.1745,5.1634,5.1525,5.1417,5.1312,5.1208,5.1106,5.1005,5.0906,5.0808,5.0712,5.0618,5.0524,5.0433,5.0342,5.0253,5.0165,5.0078,4.9993,4.9909,4.9826,4.9744,4.9663,4.9583,4.9504,4.9427,4.9350,4.9275,4.9200,4.9126,4.9054,4.8982,4.8911,4.8841,4.8772,4.8704,4.8636,4.8570,4.8504,4.8439,4.8374,4.8311,4.8248,4.8186,4.8125,4.8064,4.8004,4.7945,4.7887,4.7829,4.7771,4.7715,4.7659,4.7603,4.7549,4.7494,4.7441,4.7388,4.7335,4.7283,4.7232,4.7181,4.7131,4.7081,4.7032,4.6983,4.6935,4.6887,4.6840,4.6793,4.6746,4.6700,4.6655,4.6610,4.6565,4.6521,4.6477,4.6434,4.6391,4.6349,4.6306,4.6265,4.6223,4.6182,4.6142,4.6102,4.6062,4.6022,4.5983,4.5944,4.5906,4.5868,4.5830,4.5793,4.5756,4.5719,4.5682,4.5646,4.5610,4.5575,4.5540,4.5505,4.5470,4.5436,4.5402,4.5368,4.5334,4.5301,4.5268,4.5235,4.5203,4.5171,4.5139,4.5107,4.5075,4.5044,4.5013,4.4983,4.4952,4.4922,4.4892,4.4862,4.4832,4.4803,4.4774,4.4745,4.4716,4.4688,4.4659,4.4631,4.4604,4.4576,4.4548,4.4521,4.4494,4.4467,4.4440,4.4414,4.4387,4.4361,4.4335,4.4309,4.4284,4.4258,4.4233,4.4208,4.4183,4.4158,4.4133,4.4109,4.4084,4.4060,4.4036,4.4012,4.3988,4.3965,4.3941,4.3918,4.3895,4.3872,4.3849,4.3826,4.3803,4.3781,4.3758,4.3736,4.3714,4.3692,4.3670,4.3648,4.3627,4.3605,4.3584,4.3563,4.3541,4.3520,4.3499,4.3479,4.3458,4.3437,4.3417,4.3396,4.3376,4.3356,4.3336,4.3316,4.3296,4.3276,4.3257,4.3237,4.3217,4.3198,4.3179,4.3159,4.3140,4.3121,4.3102,4.3083,4.3065,4.3046,4.3027,4.3009,4.2990,4.2972,4.2954,4.2935,4.2917,4.2899,4.2881,4.2863,4.2845,4.2828,4.2810,4.2792,4.2775,4.2757,4.2740,4.2722,4.2705,4.2688,4.2671,4.2653,4.2636,4.2619,4.2602,4.2585,4.2569,4.2552,4.2535,4.2518,4.2502,4.2485,4.2469,4.2452,4.2436,4.2420,4.2403,4.2387,4.2371,4.2355,4.2339,4.2323,4.2307,4.2291,4.2275,4.2259,4.2243,4.2227,4.2211,4.2196,4.2180,4.2164,4.2149,4.2133,4.2118,4.2102,4.2087,4.2071,4.2056,4.2040,4.2025,4.2010,4.1995,4.1979,4.1964,4.1949,4.1934,4.1919,4.1904,4.1889,4.1874,4.1859,4.1844,4.1829,4.1814,4.1799,4.1784,4.1769,4.1754,4.1740,4.1725,4.1710,4.1695,4.1681,4.1666,4.1651,4.1637,4.1622,4.1608,4.1593,4.1578,4.1564,4.1549,4.1535,4.1520,4.1506,4.1491,4.1477,4.1462,4.1448,4.1434,4.1419,4.1405,4.1390,4.1376,4.1362,4.1347,4.1333,4.1319,4.1304,4.1290,4.1276,4.1261,4.1247,4.1233,4.1219,4.1204,4.1190,4.1176,4.1162,4.1147,4.1133,4.1119,4.1105,4.1090,4.1076,4.1062,4.1048,4.1034,4.1019,4.1005,4.0991,4.0977,4.0963,4.0948,4.0934,4.0920,4.0906,4.0892,4.0877,4.0863,4.0849,4.0835,4.0821,4.0806,4.0792,4.0778,4.0764,4.0749,4.0735,4.0721,4.0707,4.0693,4.0678,4.0664,4.0650,4.0635,4.0621,4.0607,4.0593,4.0578,4.0564,4.0550,4.0535,4.0521,4.0507,4.0492,4.0478,4.0464,4.0449,4.0435,4.0421,4.0406,4.0392,4.0377,4.0363,4.0348,4.0334,4.0320,4.0305,4.0291,4.0276,4.0262,4.0247,4.0232,4.0218,4.0203,4.0189,4.0174,4.0160,4.0145,4.0130,4.0116,4.0101,4.0086,4.0072,4.0057,4.0042,4.0027,4.0013,3.9998,3.9983,3.9968,3.9953,3.9939,3.9924,3.9909,3.9894,3.9879,3.9864,3.9849,3.9834,3.9819,3.9804,3.9789,3.9774,3.9759,3.9744,3.9729,3.9714,3.9698,3.9683,3.9668,3.9653,3.9638,3.9622,3.9607,3.9592,3.9576,3.9561,3.9546,3.9530,3.9515,3.9499,3.9484,3.9469,3.9453,3.9438,3.9422,3.9406,3.9391,3.9375,3.9360,3.9344,3.9328,3.9312,3.9297,3.9281,3.9265,3.9249,3.9234,3.9218,3.9202,3.9186,3.9170,3.9154,3.9138,3.9122,3.9106,3.9090,3.9074,3.9058,3.9041,3.9025,3.9009,3.8993,3.8977,3.8960,3.8944,3.8928,3.8911,3.8895,3.8878,3.8862,3.8846,3.8829,3.8812,3.8796,3.8779,3.8763,3.8746,3.8729,3.8713,3.8696,3.8679,3.8662,3.8645,3.8629,3.8612,3.8595,3.8578,3.8561,3.8544,3.8527,3.8510,3.8493,3.8476,3.8458,3.8441,3.8424,3.8407,3.8389,3.8372,3.8355,3.8337,3.8320,3.8302,3.8285,3.8267,3.8250,3.8232,3.8215,3.8197,3.8179,3.8162,3.8144,3.8126,3.8108,3.8090,3.8073,3.8055,3.8037,3.8019,3.8001,3.7983,3.7965,3.7947,3.7928,3.7910,3.7892,3.7874,3.7855,3.7837,3.7819,3.7800,3.7782,3.7764,3.7745,3.7727,3.7708,3.7689,3.7671,3.7652,3.7633,3.7615,3.7596,3.7577,3.7558,3.7539,3.7520,3.7502,3.7483,3.7464,3.7444,3.7425,3.7406,3.7387,3.7368,3.7349,3.7329,3.7310,3.7291,3.7271,3.7252,3.7232,3.7213,3.7193,3.7174,3.7154,3.7135,3.7115,3.7095,3.7075,3.7056,3.7036,3.7016,3.6996,3.6976,3.6956,3.6936,3.6916,3.6896,3.6876,3.6856,3.6835,3.6815,3.6795,3.6774,3.6754,3.6734,3.6713,3.6693,3.6672,3.6652,3.6631,3.6610,3.6590,3.6569,3.6548,3.6527,3.6507,3.6486,3.6465,3.6444,3.6423,3.6402,3.6381,3.6360,3.6339,3.6317,3.6296,3.6275,3.6254,3.6232,3.6211,3.6189,3.6168,3.6146,3.6125,3.6103,3.6082,3.6060,3.6038,3.6016,3.5995,3.5973,3.5951,3.5929,3.5907,3.5885,3.5863,3.5841,3.5819,3.5797,3.5774,3.5752,3.5730,3.5708,3.5685,3.5663,3.5640,3.5618,3.5595,3.5573,3.5550,3.5527,3.5505,3.5482,3.5459,3.5436,3.5413,3.5391,3.5368,3.5345,3.5322,3.5299,3.5275,3.5252,3.5229,3.5206,3.5182,3.5159,3.5136,3.5112,3.5089,3.5065,3.5042,3.5018,3.4995,3.4971,3.4947,3.4923,3.4900,3.4876,3.4852,3.4828,3.4804,3.4780,3.4756,3.4732,3.4708,3.4683,3.4659,3.4635,3.4611,3.4586,3.4562,3.4537,3.4513,3.4488,3.4464,3.4439,3.4415,3.4390,3.4365,3.4340,3.4315,3.4291,3.4266,3.4241,3.4216,3.4191,3.4165,3.4140,3.4115,3.4090,3.4065,3.4039,3.4014,3.3988,3.3963,3.3938,3.3912,3.3886,3.3861,3.3835,3.3809,3.3784,3.3758,3.3732,3.3706,3.3680,3.3654,3.3628,3.3602,3.3576,3.3550,3.3523,3.3497,3.3471,3.3445,3.3418,3.3392,3.3365,3.3339,3.3312,3.3286,3.3259,3.3232,3.3205,3.3179,3.3152,3.3125,3.3098,3.3071,3.3044,3.3017,3.2990,3.2963,3.2935,3.2908,3.2881,3.2854,3.2826,3.2799,3.2771,3.2744,3.2716,3.2689,3.2661,3.2633,3.2606,3.2578,3.2550,3.2522,3.2494,3.2466,3.2438,3.2410,3.2382,3.2354,3.2326,3.2297,3.2269,3.2241,3.2212,3.2184,3.2155,3.2127,3.2098,3.2070,3.2041,3.2012,3.1984,3.1955,3.1926,3.1897,3.1868,3.1839,3.1810,3.1781,3.1752,3.1723,3.1693,3.1664,3.1635,3.1606,3.1576,3.1547,3.1517,3.1488,3.1458,3.1428,3.1399,3.1369,3.1339,3.1309,3.1280,3.1250,3.1220,3.1190,3.1160,3.1130,3.1099,3.1069,3.1039,3.1009,3.0978,3.0948,3.0918,3.0887,3.0857,3.0826,3.0795,3.0765,3.0734,3.0703,3.0672,3.0642,3.0611,3.0580,3.0549,3.0518,3.0487,3.0456,3.0424,3.0393,3.0362,3.0331,3.0299,3.0268,3.0236,3.0205,3.0173,3.0142,3.0110,3.0078,3.0047,3.0015,3.0000,3.0000,3.0000,3.0000,3.0000,3.0000,3.0000,3.0000,3.0000,3.0000,3.0000,3.0000,3.0000,3.0000,3.0000,3.0000,3.0000,3.0000,3.0000,3.0000,3.0000,3.0000,3.0000,3.0000,3.0000,3.0000,3.0000,3.0000,3.0000,3.0000,3.0000,3.0000,3.0000,3.0000,3.0000,3.0000,3.0000,3.0000,3.0000,3.0000,3.0000,3.0000,3.0000,3.0000,3.0000,3.0000,3.0000,3.0000,3.0000,3.0000,3.0000,3.0000,3.0000,3.0000,3.0000,3.0000,3.0000,3.0000,3.0000,3.0000,3.0000,3.0000,3.0000,3.0000,3.0000,3.0000,3.0000,3.0000,3.0000,3.0000,3.0000,3.0000,3.0000,3.0000,3.0000,3.0000,3.0000,3.0000,3.0000,3.0000,3.0000,3.0000,3.0000,3.0000,3.0000,3.0000,3.0000,3.0000,3.0000,3.0000,3.0000,3.0000,3.0000,3.0000,3.0000,3.0000,3.0000,3.0000,3.0000,3.0000,3.0000,3.0000,3.0000,3.0000,3.0000,3.0000,3.0000,3.0000,3.0000,3.0000,3.0000,3.0000,3.0000,3.0000,3.0000,3.0000,3.0000,3.0000,3.0000,3.0000,3.0000,3.0000,3.0000,3.0000,3.0000,3.0000,3.0000,3.0000,3.0000
-20,18.6428,15.3487,13.7730,12.6701,11.8170,11.1232,10.5418,10.0444,9.6127,9.2338,8.8984,8.5995,8.3316,8.0903,7.8724,7.6747,7.4951,7.3314,7.1819,7.0453,6.9202,6.8055,6.7003,6.6037,6.5151,6.4338,6.3592,6.2908,6.2282,6.1709,6.1186,6.0708,6.0274,5.9879,5.9522,5.9199,5.8908,5.8648,5.8416,5.8210,5.8029,5.7872,5.7735,5.7619,5.7522,5.7442,5.7379,5.7332,5.7298,5.7278,5.7271,5.7275,5.7290,5.7315,5.7349,5.7392,5.7443,5.7501,5.7566,5.7637,5.7714,5.7796,5.7882,5.7973,5.8067,5.8165,5.8265,5.8368,5.8473,5.8580,5.8689,5.8798,5.8908,5.9019,5.9130,5.9241,5.9351,5.9461,5.9570,5.9678,5.9785,5.9891,5.9996,6.0100,6.0203,6.0305,6.0406,6.0506,6.0606,6.0705,6.0803,6.0900,6.0997,6.1093,6.1188,6.1283,6.1377,6.1470,6.1563,6.1655,6.1747,6.1838,6.1929,6.2019,6.2108,6.2197,6.2286,6.2375,6.2462,6.2550,6.2637,6.2724,6.2810,6.2896,6.2982,6.3067,6.3152,6.3237,6.3321,6.3405,6.3489,6.3573,6.3656,6.3739,6.3822,6.3905,6.3988,6.4070,6.4152,6.4234,6.4316,6.4397,6.4479,6.4560,6.4641,6.4722,6.4803,6.4884,6.4965,6.5045,6.5126,6.5206,6.5287,6.5367,6.5447,6.5527,6.5608,6.5688,6.5768,6.5848,6.5928,6.6007,6.6087,6.6167,6.6247,6.6327,6.6407,6.6487,6.6567,6.6647,6.6727,6.6807,6.6887,6.6967,6.7047,6.7127,6.7207,6.7287,6.7368,6.7448,6.7528,6.7609,6.7689,6.7770,6.7851,6.7932,6.8012,6.8093,6.8174,6.8256,6.8337,6.8418,6.8500,6.8581,6.8663,6.8745,6.8827,6.8909,6.8991,6.9073,6.9156,6.9238,6.9321,6.9404,6.9487,6.9570,6.9653,6.9736,6.9820,6.9904,6.9988,7.0072,7.0156,7.0240,7.0325,7.0409,7.0494,7.0579,7.0664,7.0750,7.0835,7.0921,7.1007,7.1093,7.1179,7.1266,7.1352,7.1439,7.1526,7.1614,7.1701,7.1789,7.1876,7.1964,7.2053,7.2141,7.2230,7.2318,7.2407,7.2497,7.2586,7.2676,7.2766,7.2856,7.2946,7.3037,7.3127,7.3218,7.3309,7.3401,7.3492,7.3584,7.3676,7.3769,7.3861,7.3954,7.4047,7.4140,7.4234,7.4327,7.4421,7.4515,7.4610,7.4704,7.4799,7.4894,7.4990,7.5085,7.5181,7.5277,7.5374,7.5470,7.5567,7.5664,7.5761,7.5859,7.5957,7.6055,7.6153,7.6252,7.6351,7.6450,7.6549,7.6649,7.6749,7.6849,7.6949,7.7050,7.7151,7.7252,7.7353,7.7455,7.7557,7.7659,7.7761,7.7863,7.7966,7.8069,7.8172,7.8275,7.8378,7.8482,7.8585,7.8689,7.8793,7.8897,7.9001,7.9105,7.9210,7.9314,7.9419,7.9523,7.9628,7.9733,7.9838,7.9943,8.0048,8.0153,8.0258,8.0363,8.0469,8.0574,8.0679,8.0785,8.0890,8.0995,8.1101,8.1206,8.1311,8.1417,8.1522,8.1627,8.1733,8.1838,8.1943,8.2048,8.2153,8.2258,8.2363,8.2468,8.2573,8.2678,8.2783,8.2887,8.2992,8.3097,8.3201,8.3305,8.3409,8.3514,8.3618,8.3721,8.3825,8.3929,8.4032,8.4136,8.4239,8.4342,8.4445,8.4548,8.4651,8.4753,8.4856,8.4958,8.5060,8.5162,8.5263,8.5365,8.5466,8.5567,8.5668,8.5769,8.5870,8.5970,8.6070,8.6170,8.6270,8.6370,8.6469,8.6568,8.6667,8.6766,8.6864,8.6962,8.7060,8.7158,8.7256,8.7353,8.7450,8.7547,8.7643,8.7739,8.7835,8.7931,8.8027,8.8122,8.8217,8.8311,8.8406,8.8500,8.8594,8.8687,8.8780,8.8873,8.8966,8.9058,8.9151,8.9242,8.9334,8.9425,8.9516,8.9606,8.9697,8.9786,8.9876,8.9965,9.0054,9.0143,9.0231,9.0319,9.0407,9.0494,9.0581,9.0668,9.0754,9.0840,9.0925,9.1010,9.1095,9.1180,9.1264,9.1348,9.1431,9.1514,9.1597,9.1679,9.1761,9.1843,9.1924,9.2005,9.2086,9.2166,9.2245,9.2325,9.2404,9.2482,9.2560,9.2638,9.2716,9.2793,9.2869,9.2945,9.3021,9.3097,9.3172,9.3246,9.3320,9.3394,9.3467,9.3540,9.3613,9.3685,9.3757,9.3828,9.3899,9.3969,9.4039,9.4109,9.4178,9.4247,9.4315,9.4383,9.4450,9.4517,9.4584,9.4650,9.4716,9.4781,9.4846,9.4910,9.4974,9.5037,9.5100,9.5163,9.5225,9.5286,9.5348,9.5408,9.5469,9.5528,9.5588,9.5647,9.5705,9.5763,9.5820,9.5877,9.5934,9.5990,9.6046,9.6101,9.6155,9.6210,9.6263,9.6316,9.6369,9.6421,9.6473,9.6525,9.6575,9.6626,9.6675,9.6725,9.6774,9.6822,9.6870,9.6917,9.6964,9.7011,9.7056,9.7102,9.7147,9.7191,9.7235,9.7278,9.7321,9.7364,9.7405,9.7447,9.7488,9.7528,9.7568,9.7607,9.7646,9.7684,9.7722,9.7759,9.7796,9.7832,9.7868,9.7903,9.7938,9.7972,9.8006,9.8039,9.8072,9.8104,9.8135,9.8166,9.8197,9.8227,9.8256,9.8285,9.8314,9.8341,9.8369,9.8396,9.8422,9.8447,9.8473,9.8497,9.8521,9.8545,9.8568,9.8591,9.8612,9.8634,9.8655,9.8675,9.8695,9.8714,9.8733,9.8751,9.8768,9.8786,9.8802,9.8818,9.8833,9.8848,9.8862,9.8876,9.8889,9.8902,9.8914,9.8926,9.8937,9.8947,9.8957,9.8966,9.8975,9.8983,9.8991,9.8998,9.9004,9.9010,9.9016,9.9020,9.9025,9.9028,9.9031,9.9034,9.9036,9.9037,9.9038,9.9038,9.9038,9.9037,9.9036,9.9034,9.9031,9.9028,9.9024,9.9020,9.9015,9.9010,9.9004,9.8997,9.8990,9.8982,9.8974,9.8965,9.8955,9.8945,9.8935,9.8923,9.8912,9.8899,9.8886,9.8873,9.8859,9.8844,9.8829,9.8813,9.8796,9.8779,9.8761,9.8743,9.8724,9.8705,9.8685,9.8664,9.8643,9.8621,9.8599,9.8576,9.8553,9.8528,9.8504,9.8478,9.8453,9.8426,9.8399,9.8371,9.8343,9.8314,9.8285,9.8255,9.8224,9.8193,9.8161,9.8128,9.8095,9.8062,9.8027,9.7993,9.7957,9.7921,9.7884,9.7847,9.7809,9.7771,9.7732,9.7692,9.7652,9.7611,9.7570,9.7528,9.7485,9.7442,9.7398,9.7353,9.7308,9.7262,9.7216,9.7169,9.7122,9.7074,9.7025,9.6976,9.6926,9.6875,9.6824,9.6772,9.6720,9.6667,9.6613,9.6559,9.6504,9.6449,9.6393,9.6336,9.6279,9.6221,9.6162,9.6103,9.6043,9.5983,9.5922,9.5861,9.5798,9.5736,9.5672,9.5608,9.5543,9.5478,9.5412,9.5346,9.5279,9.5211,9.5143,9.5074,9.5004,9.4934,9.4863,9.4792,9.4720,9.4647,9.4574,9.4500,9.4425,9.4350,9.4274,9.4198,9.4121,9.4043,9.3965,9.3886,9.3807,9.3726,9.3646,9.3564,9.3482,9.3400,9.3316,9.3233,9.3148,9.3063,9.2977,9.2891,9.2804,9.2716,9.2628,9.2539,9.2450,9.2360,9.2269,9.2178,9.2086,9.1993,9.1900,9.1806,9.1711,9.1616,9.1520,9.1424,9.1327,9.1229,9.1131,9.1032,9.0933,9.0833,9.0732,9.0630,9.0528,9.0426,9.0322,9.0218,9.0114,9.0009,8.9903,8.9796,8.9689,8.9582,8.9473,8.9364,8.9255,8.9145,8.9034,8.8922,8.8810,8.8697,8.8584,8.8470,8.8355,8.8240,8.8124,8.8007,8.7890,8.7772,8.7654,8.7535,8.7415,8.7295,8.7174,8.7052,8.6930,8.6807,8.6684,8.6559,8.6435,8.6309,8.6183,8.6056,8.5929,8.5801,8.5672,8.5543,8.5413,8.5283,8.5152,8.5020,8.4887,8.4754,8.4621,8.4486,8.4351,8.4216,8.4080,8.3943,8.3805,8.3667,8.3528,8.3389,8.3249,8.3108,8.2967,8.2825,8.2682,8.2539,8.2395,8.2250,8.2105,8.1959,8.1813,8.1666,8.1518,8.1370,8.1221,8.1071,8.0921,8.0770,8.0619,8.0466,8.0314,8.0160,8.0006,7.9851,7.9696,7.9540,7.9383,7.9226,7.9068,7.8909,7.8750,7.8590,7.8430,7.8269,7.8107,7.7944,7.7781,7.7618,7.7453,7.7288,7.7123,7.6956,7.6789,7.6622,7.6454,7.6285,7.6115,7.5945,7.5775,7.5603,7.5431,7.5258,7.5085,7.4911,7.4737,7.4561,7.4385,7.4209,7.4032,7.3854,7.3676,7.3496,7.3317,7.3136,7.2955,7.2774,7.2591,7.2408,7.2225,7.2041,7.1856,7.1670,7.1484,7.1297,7.1110,7.0922,7.0733,7.0544,7.0354,7.0163,6.9972,6.9780,6.9587,6.9394,6.9200,6.9006,6.8811,6.8615,6.8418,6.8221,6.8024,6.7825,6.7626,6.7427,6.7226,6.7026,6.6824,6.6622,6.6419,6.6215,6.6011,6.5807,6.5601,6.5395,6.5188,6.4981,6.4773,6.4564,6.4355,6.4145,6.3935,6.3723,6.3512,6.3299,6.3086,6.2872,6.2658,6.2443,6.2227,6.2011,6.1794,6.1576,6.1358,6.1139,6.0919,6.0699,6.0478,6.0257,6.0035,5.9812,5.9588,5.9364,5.9140,5.8914,5.8688,5.8462,5.8234,5.8007,5.7778,5.7549,5.7319,5.7088,5.6857,5.6626,5.6393,5.6160,5.5926,5.5692,5.5457,5.5221,5.4985,5.4748,5.4511,5.4272,5.4034,5.3794,5.3554,5.3313,5.3072,5.2830,5.2587,5.2344,5.2100,5.1855,5.1610,5.1364,5.1117,5.0870,5.0622,5.0374,5.0125,4.9875,4.9625,4.9374,4.9122,4.8870,4.8617,4.8363,4.8109,4.7854,4.7598,4.7342,4.7085,4.6828,4.6570,4.6311,4.6051,4.5791,4.5531,4.5269,4.5007,4.4745,4.4482,4.4218,4.3953,4.3688,4.3422,4.3156,4.2889,4.2621,4.2352,4.2083,4.1814,4.1543,4.1272,4.1001,4.0729,4.0456,4.0182,3.9908,3.9633,3.9358,3.9082,3.8805
-20,1.0000,0.9874,0.9805,0.9751,0.9706,0.9667,0.9632,0.9599,0.9569,0.9542,0.9515,0.9490,0.9467,0.9444,0.9423,0.9402,0.9382,0.9363,0.9345,0.9327,0.9310,0.9293,0.9277,0.9261,0.9245,0.9230,0.9215,0.9201,0.9187,0.9173,0.9160,0.9147,0.9134,0.9121,0.9109,0.9097,0.9085,0.9073,0.9061,0.9050,0.9039,0.9028,0.9017,0.9007,0.8996,0.8986,0.8976,0.8966,0.8956,0.8947,0.8937,0.8928,0.8918,0.8909,0.8900,0.8891,0.8883,0.8874,0.8865,0.8857,0.8849,0.8840,0.8832,0.8824,0.8816,0.8808,0.8801,0.8793,0.8785,0.8778,0.8770,0.8763,0.8756,0.8749,0.8742,0.8735,0.8728,0.8721,0.8714,0.8707,0.8700,0.8694,0.8687,0.8681,0.8674,0.8668,0.8662,0.8656,0.8649,0.8643,0.8637,0.8631,0.8625,0.8619,0.8614,0.8608,0.8602,0.8596,0.8591,0.8585,0.8580,0.8574,0.8569,0.8563,0.8558,0.8553,0.8547,0.8542,0.8537,0.8532,0.8527,0.8522,0.8517,0.8512,0.8507,0.8502,0.8497,0.8493,0.8488,0.8483,0.8479,0.8474,0.8469,0.8465,0.8460,0.8456,0.8451,0.8447,0.8442,0.8438,0.8434,0.8430,0.8425,0.8421,0.8417,0.8413,0.8409,0.8405,0.8401,0.8397,0.8393,0.8389,0.8385,0.8381,0.8377,0.8373,0.8369,0.8365,0.8362,0.8358,0.8354,0.8351,0.8347,0.8343,0.8340,0.8336,0.8333,0.8329,0.8326,0.8322,0.8319,0.8315,0.8312,0.8309,0.8305,0.8302,0.8299,0.8295,0.8292,0.8289,0.8286,0.8282,0.8279,0.8276,0.8273,0.8270,0.8267,0.8264,0.8261,0.8258,0.8255,0.8252,0.8249,0.8246,0.8243,0.8240,0.8238,0.8235,0.8232,0.8229,0.8226,0.8224,0.8221,0.8218,0.8215,0.8213,0.8210,0.8207,0.8205,0.8202,0.8200,0.8197,0.8195,0.8192,0.8190,0.8187,0.8185,0.8182,0.8180,0.8177,0.8175,0.8173,0.8170,0.8168,0.8165,0.8163,0.8161,0.8159,0.8156,0.8154,0.8152,0.8150,0.8147,0.8145,0.8143,0.8141,0.8139,0.8137,0.8135,0.8132,0.8130,0.8128,0.8126,0.8124,0.8122,0.8120,0.8118,0.8116,0.8114,0.8112,0.8110,0.8109,0.8107,0.8105,0.8103,0.8101,0.8099,0.8097,0.8095,0.8094,0.8092,0.8090,0.8088,0.8087,0.8085,0.8083,0.8081,0.8080,0.8078,0.8076,0.8075,0.8073,0.8071,0.8070,0.8068,0.8067,0.8065,0.8064,0.8062,0.8060,0.8059,0.8057,0.8056,0.8054,0.8053,0.8051,0.8050,0.8048,0.8047,0.8046,0.8044,0.8043,0.8041,0.8040,0.8039,0.8037,0.8036,0.8035,0.8033,0.8032,0.8031,0.8029,0.8028,0.8027,0.8026,0.8024,0.8023,0.8022,0.8021,0.8020,0.8018,0.8017,0.8016,0.8015,0.8014,0.8013,0.8011,0.8010,0.8009,0.8008,0.8007,0.8006,0.8005,0.8004,0.8003,0.8002,0.8001,0.8000,0.7999,0.7998,0.7997,0.7996,0.7995,0.7994,0.7993,0.7992,0.7991,0.7990,0.7989,0.7988,0.7987,0.7987,0.7986,0.7985,0.7984,0.7983,0.7982,0.7981,0.7981,0.7980,0.7979,0.7978,0.7977,0.7977,0.7976,0.7975,0.7974,0.7974,0.7973,0.7972,0.7972,0.7971,0.7970,0.7970,0.7969,0.7968,0.7968,0.7967,0.7966,0.7966,0.7965,0.7964,0.7964,0.7963,0.7963,0.7962,0.7961,0.7961,0.7960,0.7960,0.7959,0.7959,0.7958,0.7958,0.7957,0.7957,0.7956,0.7956,0.7955,0.7955,0.7954,0.7954,0.7953,0.7953,0.7952,0.7952,0.7952,0.7951,0.7951,0.7950,0.7950,0.7950,0.7949,0.7949,0.7949,0.7948,0.7948,0.7948,0.7947,0.7947,0.7947,0.7946,0.7946,0.7946,0.7945,0.7945,0.7945,0.7945,0.7944,0.7944,0.7944,0.7944,0.7943,0.7943,0.7943,0.7943,0.7943,0.7942,0.7942,0.7942,0.7942,0.7942,0.7942,0.7941,0.7941,0.7941,0.7941,0.7941,0.7941,0.7941,0.7941,0.7940,0.7940,0.7940,0.7940,0.7940,0.7940,0.7940,0.7940,0.7940,0.7940,0.7940,0.7940,0.7940,0.7940,0.7940,0.7940,0.7940,0.7940,0.7940,0.7940,0.7940,0.7940,0.7940,0.7940,0.7940,0.7940,0.7940,0.7940,0.7940,0.7940,0.7940,0.7940,0.7940,0.7940,0.7940,0.7940,0.7940,0.7940,0.7940,0.7940,0.7940,0.7940,0.7940,0.7940,0.7940,0.7940,0.7940,0.7940,0.7940,0.7940,0.7940,0.7940,0.7940,0.7940,0.7940,0.7940,0.7940,0.7940,0.7940,0.7940,0.7940,0.7940,0.7940,0.7940,0.7940,0.7940,0.7940,0.7940,0.7940,0.7940,0.7940,0.7940,0.7940,0.7940,0.7940,0.7940,0.7940,0.7940,0.7940,0.7940,0.7940,0.7940,0.7940,0.7940,0.7940,0.7940,0.7940,0.7940,0.7940,0.7940,0.7940,0.7940,0.7940,0.7940,0.7940,0.7940,0.7940,0.7940,0.7940,0.7940,0.7940,0.7940,0.7940,0.7940,0.7940,0.7940,0.7940,0.7940,0.7940,0.7940,0.7940,0.7940,0.7940,0.7940,0.7940,0.7940,0.7940,0.7940,0.7940,0.7940,0.7940,0.7940,0.7940,0.7940,0.7940,0.7940,0.7940,0.7940,0.7940,0.7940,0.7940,0.7940,0.7940,0.7940,0.7940,0.7940,0.7940,0.7940,0.7940,0.7940,0.7940,0.7940,0.7940,0.7940,0.7940,0.7940,0.7940,0.7940,0.7940,0.7940,0.7940,0.7940,0.7940,0.7940,0.7940,0.7940,0.7940,0.7940,0.7940,0.7940,0.7940,0.7940,0.7940,0.7940,0.7940,0.7940,0.7940,0.7940,0.7940,0.7940,0.7940,0.7940,0.7940,0.7940,0.7940,0.7940,0.7940,0.7940,0.7940,0.7940,0.7940,0.7940,0.7940,0.7940,0.7940,0.7940,0.7940,0.7940,0.7940,0.7940,0.7940,0.7940,0.7940,0.7940,0.7940,0.7940,0.7940,0.7940,0.7940,0.7940,0.7940,0.7940,0.7940,0.7940,0.7940,0.7940,0.7940,0.7940,0.7940,0.7940,0.7940,0.7940,0.7940,0.7940,0.7940,0.7940,0.7940,0.7940,0.7940,0.7940,0.7940,0.7940,0.7940,0.7940,0.7940,0.7940,0.7940,0.7940,0.7940,0.7940,0.7940,0.7940,0.7940,0.7940,0.7940,0.7940,0.7940,0.7940,0.7940,0.7940,0.7940,0.7940,0.7940,0.7940,0.7940,0.7940,0.7940,0.7940,0.7940,0.7940,0.7940,0.7940,0.7940,0.7940,0.7940,0.7940,0.7940,0.7940,0.7940,0.7940,0.7940,0.7940,0.7940,0.7940,0.7940,0.7940,0.7940,0.7940,0.7940,0.7940,0.7940,0.7940,0.7940,0.7940,0.7940,0.7940,0.7940,0.7940,0.7940,0.7940,0.7940,0.7940,0.7940,0.7940,0.7940,0.7940,0.7940,0.7940,0.7940,0.7940,0.7940,0.7940,0.7940,0.7940,0.7940,0.7940,0.7940,0.7940,0.7940,0.7940,0.7940,0.7940,0.7940,0.7940,0.7940,0.7940,0.7940,0.7940,0.7940,0.7940,0.7940,0.7940,0.7940,0.7940,0.7940,0.7940,0.7940,0.7940,0.7940,0.7940,0.7940,0.7940,0.7940,0.7940,0.7940,0.7940,0.7940,0.7940,0.7940,0.7940,0.7940,0.7940,0.7940,0.7940,0.7940,0.7940,0.7940,0.7940,0.7940,0.7940,0.7940,0.7940,0.7940,0.7940,0.7940,0.7940,0.7940,0.7940,0.7940,0.7940,0.7940,0.7940,0.7940,0.7940,0.7940,0.7940,0.7940,0.7940,0.7940,0.7940,0.7940,0.7940,0.7940,0.7940,0.7940,0.7940,0.7940,0.7940,0.7940,0.7940,0.7940,0.7940,0.7940,0.7940,0.7940,0.7940,0.7940,0.7940,0.7940,0.7940,0.7940,0.7940,0.7940,0.7940,0.7940,0.7940,0.7940,0.7940,0.7940,0.7940,0.7940,0.7940,0.7940,0.7940,0.7940,0.7940,0.7940,0.7940,0.7940,0.7940,0.7940,0.7940,0.7940,0.7940,0.7940,0.7940,0.7940,0.7940,0.7940,0.7940,0.7940,0.7940,0.7940,0.7940,0.7940,0.7940,0.7940,0.7940,0.7940,0.7940,0.7940,0.7940,0.7940,0.7940,0.7940,0.7940,0.7940,0.7940,0.7940,0.7940,0.7940,0.7940,0.7940,0.7940,0.7940,0.7940,0.7940,0.7940,0.7940,0.7940,0.7940,0.7940,0.7940,0.7940,0.7940,0.7940,0.7940,0.7940,0.7940,0.7940,0.7940,0.7940,0.7940,0.7940,0.7940,0.7940,0.7940,0.7940,0.7940,0.7940,0.7940,0.7940,0.7940,0.7940,0.7940,0.7940,0.7940,0.7940,0.7940,0.7940,0.7940,0.7940,0.7940,0.7940,0.7940,0.7940,0.7940,0.7940,0.7940,0.7940,0.7940,0.7940,0.7940,0.7940,0.7940,0.7940,0.7940,0.7940,0.7940,0.7940,0.7940,0.7940,0.7940,0.7940,0.7940,0.7940,0.7940,0.7940,0.7940,0.7940,0.7940,0.7940,0.7940,0.7940,0.7940,0.7940,0.7940,0.7940,0.7940,0.7940,0.7940,0.7940,0.7940,0.7940,0.7940,0.7940,0.7940,0.7940,0.7940,0.7940,0.7940,0.7940,0.7940,0.7940,0.7940,0.7940,0.7940,0.7940,0.7940,0.7940,0.7940,0.7940,0.7940,0.7940,0.7940,0.7940,0.7940,0.7940,0.7940,0.7940,0.7940,0.7940,0.7940,0.7940,0.7940,0.7940,0.7940,0.7940,0.7940,0.7940,0.7940,0.7940,0.7940,0.7940,0.7940,0.7940,0.7940,0.7940,0.7940,0.7940,0.7940,0.7940,0.7940,0.7940,0.7940,0.7940,0.7940,0.7940,0.7940,0.7940,0.7940,0.7940,0.7940,0.7940,0.7940,0.7940,0.7940,0.7940,0.7940,0.7940,0.7940,0.7940,0.7940,0.7940,0.7940,0.7940,0.7940,0.7940,0.7940,0.7940,0.7940,0.7940,0.7940,0.7940,0.7940,0.7940,0.7940,0.7940,0.7940,0.7940,0.7940,0.7940,0.7940,0.7940,0.7940
0,-0.0337,-0.0245,-0.0194,-0.0155,-0.0122,-0.0092,-0.0066,-0.0042,-0.0020,0.0000,0.0020,0.0038,0.0056,0.0073,0.0089,0.0104,0.0119,0.0133,0.0147,0.0160,0.0173,0.0186,0.0198,0.0210,0.0222,0.0233,0.0244,0.0255,0.0265,0.0276,0.0286,0.0296,0.0306,0.0315,0.0325,0.0334,0.0343,0.0352,0.0361,0.0369,0.0378,0.0386,0.0394,0.0402,0.0410,0.0418,0.0426,0.0433,0.0441,0.0448,0.0456,0.0463,0.0470,0.0477,0.0484,0.0491,0.0497,0.0504,0.0511,0.0517,0.0524,0.0530,0.0536,0.0543,0.0549,0.0555,0.0561,0.0567,0.0573,0.0579,0.0585,0.0590,0.0596,0.0602,0.0607,0.0613,0.0618,0.0624,0.0629,0.0634,0.0639,0.0645,0.0650,0.0655,0.0660,0.0665,0.0670,0.0675,0.0680,0.0685,0.0689,0.0694,0.0699,0.0704,0.0708,0.0713,0.0718,0.0722,0.0727,0.0731,0.0735,0.0740,0.0744,0.0749,0.0753,0.0757,0.0761,0.0765,0.0770,0.0774,0.0778,0.0782,0.0786,0.0790,0.0794,0.0798,0.0802,0.0806,0.0810,0.0813,0.0817,0.0821,0.0825,0.0829,0.0832,0.0836,0.0840,0.0843,0.0847,0.0850,0.0854,0.0857,0.0861,0.0864,0.0868,0.0871,0.0875,0.0878,0.0882,0.0885,0.0888,0.0892,0.0895,0.0898,0.0901,0.0905,0.0908,0.0911,0.0914,0.0917,0.0920,0.0923,0.0927,0.0930,0.0933,0.0936,0.0939,0.0942,0.0945,0.0948,0.0951,0.0953,0.0956,0.0959,0.0962,0.0965,0.0968,0.0971,0.0973,0.0976,0.0979,0.0982,0.0984,0.0987,0.0990,0.0993,0.0995,0.0998,0.1001,0.1003,0.1006,0.1008,0.1011,0.1013,0.1016,0.1019,0.1021,0.1024,0.1026,0.1029,0.1031,0.1033,0.1036,0.1038,0.1041,0.1043,0.1046,0.1048,0.1050,0.1053,0.1055,0.1057,0.1060,0.1062,0.1064,0.1066,0.1069,0.1071,0.1073,0.1075,0.1077,0.1080,0.1082,0.1084,0.1086,0.1088,0.1090,0.1093,0.1095,0.1097,0.1099,0.1101,0.1103,0.1105,0.1107,0.1109,0.1111,0.1113,0.1115,0.1117,0.1119,0.1121,0.1123,0.1125,0.1127,0.1129,0.1131,0.1133,0.1134,0.1136,0.1138,0.1140,0.1142,0.1144,0.1146,0.1147,0.1149,0.1151,0.1153,0.1155,0.1156,0.1158,0.1160,0.1162,0.1163,0.1165,0.1167,0.1169,0.1170,0.1172,0.1174,0.1175,0.1177,0.1179,0.1180,0.1182,0.1183,0.1185,0.1187,0.1188,0.1190,0.1191,0.1193,0.1195,0.1196,0.1198,0.1199,0.1201,0.1202,0.1204,0.1205,0.1207,0.1208,0.1210,0.1211,0.1213,0.1214,0.1216,0.1217,0.1219,0.1220,0.1221,0.1223,0.1224,0.1226,0.1227,0.1228,0.1230,0.1231,0.1233,0.1234,0.1235,0.1237,0.1238,0.1239,0.1241,0.1242,0.1243,0.1244,0.1246,0.1247,0.1248,0.1250,0.1251,0.1252,0.1253,0.1255,0.1256,0.1257,0.1258,0.1259,0.1261,0.1262,0.1263,0.1264,0.1265,0.1267,0.1268,0.1269,0.1270,0.1271,0.1272,0.1273,0.1275,0.1276,0.1277,0.1278,0.1279,0.1280,0.1281,0.1282,0.1283,0.1284,0.1285,0.1287,0.1288,0.1289,0.1290,0.1291,0.1292,0.1293,0.1294,0.1295,0.1296,0.1297,0.1298,0.1299,0.1300,0.1301,0.1302,0.1303,0.1304,0.1305,0.1305,0.1306,0.1307,0.1308,0.1309,0.1310,0.1311,0.1312,0.1313,0.1314,0.1315,0.1315,0.1316,0.1317,0.1318,0.1319,0.1320,0.1321,0.1321,0.1322,0.1323,0.1324,0.1325,0.1326,0.1326,0.1327,0.1328,0.1329,0.1330,0.1330,0.1331,0.1332,0.1333,0.1334,0.1334,0.1335,0.1336,0.1337,0.1337,0.1338,0.1339,0.1339,0.1340,0.1341,0.1342,0.1342,0.1343,0.1344,0.1344,0.1345,0.1346,0.1346,0.1347,0.1348,0.1348,0.1349,0.1350,0.1350,0.1351,0.1352,0.1352,0.1353,0.1354,0.1354,0.1355,0.1355,0.1356,0.1357,0.1357,0.1358,0.1358,0.1359,0.1360,0.1360,0.1361,0.1361,0.1362,0.1362,0.1363,0.1363,0.1364,0.1365,0.1365,0.1366,0.1366,0.1367,0.1367,0.1368,0.1368,0.1369,0.1369,0.1370,0.1370,0.1371,0.1371,0.1372,0.1372,0.1373,0.1373,0.1374,0.1374,0.1374,0.1375,0.1375,0.1376,0.1376,0.1377,0.1377,0.1378,0.1378,0.1378,0.1379,0.1379,0.1380,0.1380,0.1380,0.1381,0.1381,0.1382,0.1382,0.1382,0.1383,0.1383,0.1383,0.1384,0.1384,0.1385,0.1385,0.1385,0.1386,0.1386,0.1386,0.1387,0.1387,0.1387,0.1388,0.1388,0.1388,0.1388,0.1389,0.1389,0.1389,0.1390,0.1390,0.1390,0.1391,0.1391,0.1391,0.1391,0.1392,0.1392,0.1392,0.1392,0.1393,0.1393,0.1393,0.1393,0.1394,0.1394,0.1394,0.1394,0.1395,0.1395,0.1395,0.1395,0.1395,0.1396,0.1396,0.1396,0.1396,0.1396,0.1397,0.1397,0.1397,0.1397,0.1397,0.1398,0.1398,0.1398,0.1398,0.1398,0.1398,0.1399,0.1399,0.1399,0.1399,0.1399,0.1399,0.1399,0.1399,0.1400,0.1400,0.1400,0.1400,0.1400,0.1400,0.1400,0.1400,0.1401,0.1401,0.1401,0.1401,0.1401,0.1401,0.1401,0.1401,0.1401,0.1401,0.1401,0.1401,0.1401,0.1402,0.1402,0.1402,0.1402,0.1402,0.1402,0.1402,0.1402,0.1402,0.1402,0.1402,0.1402,0.1402,0.1402,0.1402,0.1402,0.1402,0.1402,0.1402,0.1402,0.1402,0.1402,0.1402,0.1402,0.1402,0.1402,0.1402,0.1402,0.1402,0.1402,0.1402,0.1402,0.1402,0.1402,0.1402,0.1402,0.1402,0.1402,0.1402,0.1401,0.1401,0.1401,0.1401,0.1401,0.1401,0.1401,0.1401,0.1401,0.1401,0.1401,0.1401,0.1401,0.1400,0.1400,0.1400,0.1400,0.1400,0.1400,0.1400,0.1400,0.1400,0.1400,0.1399,0.1399,0.1399,0.1399,0.1399,0.1399,0.1399,0.1398,0.1398,0.1398,0.1398,0.1398,0.1398,0.1398,0.1397,0.1397,0.1397,0.1397,0.1397,0.1397,0.1396,0.1396,0.1396,0.1396,0.1396,0.1395,0.1395,0.1395,0.1395,0.1395,0.1394,0.1394,0.1394,0.1394,0.1394,0.1393,0.1393,0.1393,0.1393,0.1393,0.1392,0.1392,0.1392,0.1392,0.1391,0.1391,0.1391,0.1391,0.1390,0.1390,0.1390,0.1390,0.1389,0.1389,0.1389,0.1389,0.1388,0.1388,0.1388,0.1387,0.1387,0.1387,0.1387,0.1386,0.1386,0.1386,0.1385,0.1385,0.1385,0.1385,0.1384,0.1384,0.1384,0.1383,0.1383,0.1383,0.1382,0.1382,0.1382,0.1381,0.1381,0.1381,0.1380,0.1380,0.1380,0.1379,0.1379,0.1379,0.1378,0.1378,0.1378,0.1377,0.1377,0.1377,0.1376,0.1376,0.1376,0.1375,0.1375,0.1374,0.1374,0.1374,0.1373,0.1373,0.1373,0.1372,0.1372,0.1371,0.1371,0.1371,0.1370,0.1370,0.1369,0.1369,0.1369,0.1368,0.1368,0.1367,0.1367,0.1367,0.1366,0.1366,0.1365,0.1365,0.1364,0.1364,0.1364,0.1363,0.1363,0.1362,0.1362,0.1361,0.1361,0.1360,0.1360,0.1360,0.1359,0.1359,0.1358,0.1358,0.1357,0.1357,0.1356,0.1356,0.1355,0.1355,0.1354,0.1354,0.1354,0.1353,0.1353,0.1352,0.1352,0.1351,0.1351,0.1350,0.1350,0.1349,0.1349,0.1348,0.1348,0.1347,0.1347,0.1346,0.1346,0.1345,0.1345,0.1344,0.1343,0.1343,0.1342,0.1342,0.1341,0.1341,0.1340,0.1340,0.1339,0.1339,0.1338,0.1338,0.1337,0.1337,0.1336,0.1335,0.1335,0.1334,0.1334,0.1333,0.1333,0.1332,0.1331,0.1331,0.1330,0.1330,0.1329,0.1329,0.1328,0.1327,0.1327,0.1326,0.1326,0.1325,0.1325,0.1324,0.1323,0.1323,0.1322,0.1322,0.1321,0.1320,0.1320,0.1319,0.1319,0.1318,0.1317,0.1317,0.1316,0.1315,0.1315,0.1314,0.1314,0.1313,0.1312,0.1312,0.1311,0.1310,0.1310,0.1309,0.1309,0.1308,0.1307,0.1307,0.1306,0.1305,0.1305,0.1304,0.1303,0.1303,0.1302,0.1301,0.1301,0.1300,0.1299,0.1299,0.1298,0.1297,0.1297,0.1296,0.1295,0.1295,0.1294,0.1293,0.1293,0.1292,0.1291,0.1291,0.1290,0.1289,0.1288,0.1288,0.1287,0.1286,0.1286,0.1285,0.1284,0.1284,0.1283,0.1282,0.1281,0.1281,0.1280,0.1279,0.1279,0.1278,0.1277,0.1276,0.1276,0.1275,0.1274,0.1273,0.1273,0.1272,0.1271,0.1270,0.1270,0.1269,0.1268,0.1267,0.1267,0.1266,0.1265,0.1264,0.1264,0.1263,0.1262,0.1261,0.1261,0.1260,0.1259,0.1258,0.1258,0.1257,0.1256,0.1255,0.1255,0.1254,0.1253,0.1252,0.1251,0.1251,0.1250,0.1249,0.1248,0.1247,0.1247,0.1246,0.1245,0.1244,0.1243,0.1243,0.1242,0.1241,0.1240,0.1239,0.1239,0.1238,0.1237,0.1236,0.1235,0.1235,0.1234,0.1233,0.1232,0.1231,0.1230,0.1230,0.1229,0.1228,0.1227,0.1226,0.1225,0.1225,0.1224,0.1223,0.1222,0.1221,0.1220,0.1220,0.1219,0.1218,0.1217,0.1216,0.1215,0.1214,0.1214,0.1213,0.1212,0.1211,0.1210,0.1209,0.1208,0.1207,0.1207,0.1206,0.1205,0.1204,0.1203,0.1202,0.1201,0.1200,0.1200,0.1199,0.1198,0.1197,0.1196,0.1195,0.1194,0.1193,0.1192,0.1192,0.1191,0.1190,0.1189,0.1188,0.1187,0.1186,0.1185,0.1184,0.1183,0.1182,0.1182,0.1181,0.1180,0.1179,0.1178,0.1177,0.1176,0.1175,0.1174,0.1173
0,-3.9277,-3.5987,-3.4241,-3.2927,-3.1845,-3.0913,-3.0088,-2.9345,-2.8667,-2.8042,-2.7461,-2.6918,-2.6407,-2.5926,-2.5470,-2.5036,-2.4623,-2.4229,-2.3851,-2.3489,-2.3141,-2.2806,-2.2483,-2.2171,-2.1870,-2.1579,-2.1298,-2.1025,-2.0760,-2.0503,-2.0253,-2.0010,-1.9774,-1.9544,-1.9320,-1.9102,-1.8889,-1.8682,-1.8479,-1.8281,-1.8088,-1.7899,-1.7715,-1.7534,-1.7358,-1.7185,-1.7016,-1.6850,-1.6688,-1.6529,-1.6373,-1.6221,-1.6071,-1.5924,-1.5780,-1.5639,-1.5500,-1.5363,-1.5230,-1.5098,-1.4969,-1.4842,-1.4718,-1.4595,-1.4475,-1.4357,-1.4240,-1.4126,-1.4013,-1.3902,-1.3793,-1.3686,-1.3581,-1.3477,-1.3374,-1.3274,-1.3175,-1.3077,-1.2981,-1.2886,-1.2793,-1.2701,-1.2611,-1.2521,-1.2433,-1.2347,-1.2261,-1.2177,-1.2094,-1.2012,-1.1932,-1.1852,-1.1773,-1.1696,-1.1620,-1.1544,-1.1470,-1.1397,-1.1324,-1.1253,-1.1183,-1.1113,-1.1044,-1.0977,-1.0910,-1.0844,-1.0779,-1.0714,-1.0651,-1.0588,-1.0526,-1.0465,-1.0405,-1.0345,-1.0286,-1.0228,-1.0171,-1.0114,-1.0058,-1.0003,-0.9948,-0.9894,-0.9840,-0.9788,-0.9735,-0.9684,-0.9633,-0.9582,-0.9533,-0.9484,-0.9435,-0.9387,-0.9339,-0.9292,-0.9246,-0.9200,-0.9155,-0.9110,-0.9065,-0.9021,-0.8978,-0.8935,-0.8893,-0.8851,-0.8809,-0.8768,-0.8727,-0.8687,-0.8648,-0.8608,-0.8569,-0.8531,-0.8493,-0.8455,-0.8418,-0.8381,-0.8345,-0.8308,-0.8273,-0.8237,-0.8202,-0.8168,-0.8133,-0.8100,-0.8066,-0.8033,-0.8000,-0.7967,-0.7935,-0.7903,-0.7872,-0.7840,-0.7809,-0.7779,-0.7748,-0.7718,-0.7689,-0.7659,-0.7630,-0.7601,-0.7573,-0.7544,-0.7516,-0.7488,-0.7461,-0.7434,-0.7407,-0.7380,-0.7353,-0.7327,-0.7301,-0.7276,-0.7250,-0.7225,-0.7200,-0.7175,-0.7150,-0.7126,-0.7102,-0.7078,-0.7054,-0.7031,-0.7008,-0.6984,-0.6962,-0.6939,-0.6916,-0.6894,-0.6872,-0.6850,-0.6829,-0.6807,-0.6786,-0.6765,-0.6744,-0.6723,-0.6702,-0.6682,-0.6662,-0.6642,-0.6622,-0.6602,-0.6583,-0.6563,-0.6544,-0.6525,-0.6506,-0.6487,-0.6468,-0.6450,-0.6432,-0.6413,-0.6395,-0.6378,-0.6360,-0.6342,-0.6325,-0.6307,-0.6290,-0.6273,-0.6256,-0.6239,-0.6222,-0.6206,-0.6189,-0.6173,-0.6157,-0.6141,-0.6125,-0.6109,-0.6093,-0.6078,-0.6062,-0.6047,-0.6031,-0.6016,-0.6001,-0.5986,-0.5971,-0.5956,-0.5942,-0.5927,-0.5913,-0.5898,-0.5884,-0.5870,-0.5855,-0.5841,-0.5828,-0.5814,-0.5800,-0.5786,-0.5773,-0.5759,-0.5746,-0.5732,-0.5719,-0.5706,-0.5693,-0.5680,-0.5667,-0.5654,-0.5641,-0.5628,-0.5616,-0.5603,-0.5590,-0.5578,-0.5566,-0.5553,-0.5541,-0.5529,-0.5517,-0.5505,-0.5493,-0.5481,-0.5469,-0.5457,-0.5445,-0.5433,-0.5422,-0.5410,-0.5398,-0.5387,-0.5376,-0.5364,-0.5353,-0.5341,-0.5330,-0.5319,-0.5308,-0.5297,-0.5286,-0.5275,-0.5264,-0.5253,-0.5242,-0.5231,-0.5220,-0.5209,-0.5199,-0.5188,-0.5177,-0.5167,-0.5156,-0.5145,-0.5135,-0.5124,-0.5114,-0.5103,-0.5093,-0.5083,-0.5072,-0.5062,-0.5052,-0.5042,-0.5031,-0.5021,-0.5011,-0.5001,-0.4991,-0.4981,-0.4971,-0.4961,-0.4951,-0.4941,-0.4931,-0.4921,-0.4911,-0.4901,-0.4891,-0.4881,-0.4871,-0.4861,-0.4852,-0.4842,-0.4832,-0.4822,-0.4812,-0.4803,-0.4793,-0.4783,-0.4774,-0.4764,-0.4754,-0.4745,-0.4735,-0.4725,-0.4716,-0.4706,-0.4696,-0.4687,-0.4677,-0.4668,-0.4658,-0.4648,-0.4639,-0.4629,-0.4620,-0.4610,-0.4601,-0.4591,-0.4582,-0.4572,-0.4562,-0.4553,-0.4543,-0.4534,-0.4524,-0.4515,-0.4505,-0.4496,-0.4486,-0.4477,-0.4467,-0.4458,-0.4448,-0.4438,-0.4429,-0.4419,-0.4410,-0.4400,-0.4391,-0.4381,-0.4371,-0.4362,-0.4352,-0.4343,-0.4333,-0.4323,-0.4314,-0.4304,-0.4294,-0.4285,-0.4275,-0.4266,-0.4256,-0.4246,-0.4236,-0.4227,-0.4217,-0.4207,-0.4197,-0.4188,-0.4178,-0.4168,-0.4158,-0.4149,-0.4139,-0.4129,-0.4119,-0.4109,-0.4099,-0.4089,-0.4079,-0.4069,-0.4060,-0.4050,-0.4040,-0.4030,-0.4020,-0.4009,-0.3999,-0.3989,-0.3979,-0.3969,-0.3959,-0.3949,-0.3939,-0.3928,-0.3918,-0.3908,-0.3898,-0.3887,-0.3877,-0.3867,-0.3857,-0.3846,-0.3836,-0.3825,-0.3815,-0.3804,-0.3794,-0.3783,-0.3773,-0.3762,-0.3752,-0.3741,-0.3731,-0.3720,-0.3709,-0.3699,-0.3688,-0.3677,-0.3666,-0.3655,-0.3645,-0.3634,-0.3623,-0.3612,-0.3601,-0.3590,-0.3579,-0.3568,-0.3557,-0.3546,-0.3535,-0.3524,-0.3512,-0.3501,-0.3490,-0.3479,-0.3467,-0.3456,-0.3445,-0.3433,-0.3422,-0.3410,-0.3399,-0.3387,-0.3376,-0.3364,-0.3353,-0.3341,-0.3329,-0.3318,-0.3306,-0.3294,-0.3282,-0.3271,-0.3259,-0.3247,-0.3235,-0.3223,-0.3211,-0.3199,-0.3187,-0.3175,-0.3162,-0.3150,-0.3138,-0.3126,-0.3113,-0.3101,-0.3089,-0.3076,-0.3064,-0.3051,-0.3039,-0.3026,-0.3014,-0.3001,-0.2988,-0.2976,-0.2963,-0.2950,-0.2937,-0.2925,-0.2912,-0.2899,-0.2886,-0.2873,-0.2860,-0.2847,-0.2834,-0.2820,-0.2807,-0.2794,-0.2781,-0.2767,-0.2754,-0.2741,-0.2727,-0.2714,-0.2700,-0.2687,-0.2673,-0.2659,-0.2646,-0.2632,-0.2618,-0.2604,-0.2590,-0.2577,-0.2563,-0.2549,-0.2535,-0.2521,-0.2506,-0.2492,-0.2478,-0.2464,-0.2450,-0.2435,-0.2421,-0.2407,-0.2392,-0.2378,-0.2363,-0.2348,-0.2334,-0.2319,-0.2304,-0.2290,-0.2275,-0.2260,-0.2245,-0.2230,-0.2215,-0.2200,-0.2185,-0.2170,-0.2155,-0.2140,-0.2124,-0.2109,-0.2094,-0.2078,-0.2063,-0.2047,-0.2032,-0.2016,-0.2001,-0.1985,-0.1969,-0.1954,-0.1938,-0.1922,-0.1906,-0.1890,-0.1874,-0.1858,-0.1842,-0.1826,-0.1810,-0.1793,-0.1777,-0.1761,-0.1744,-0.1728,-0.1711,-0.1695,-0.1678,-0.1662,-0.1645,-0.1628,-0.1612,-0.1595,-0.1578,-0.1561,-0.1544,-0.1527,-0.1510,-0.1493,-0.1476,-0.1459,-0.1441,-0.1424,-0.1407,-0.1389,-0.1372,-0.1354,-0.1337,-0.1319,-0.1301,-0.1284,-0.1266,-0.1248,-0.1230,-0.1212,-0.1195,-0.1177,-0.1158,-0.1140,-0.1122,-0.1104,-0.1086,-0.1067,-0.1049,-0.1031,-0.1012,-0.0994,-0.0975,-0.0956,-0.0938,-0.0919,-0.0900,-0.0881,-0.0863,-0.0844,-0.0825,-0.0806,-0.0787,-0.0767,-0.0748,-0.0729,-0.0710,-0.0690,-0.0671,-0.0651,-0.0632,-0.0612,-0.0593,-0.0573,-0.0553,-0.0534,-0.0514,-0.0494,-0.0474,-0.0454,-0.0434,-0.0414,-0.0394,-0.0373,-0.0353,-0.0333,-0.0313,-0.0292,-0.0272,-0.0251,-0.0231,-0.0210,-0.0189,-0.0169,-0.0148,-0.0127,-0.0106,-0.0085,-0.0064,-0.0043,-0.0022,-0.0001,0.0021,0.0042,0.0063,0.0085,0.0106,0.0128,0.0149,0.0171,0.0192,0.0214,0.0236,0.0258,0.0280,0.0302,0.0324,0.0346,0.0368,0.0390,0.0412,0.0434,0.0457,0.0479,0.0502,0.0524,0.0547,0.0569,0.0592,0.0615,0.0637,0.0660,0.0683,0.0706,0.0729,0.0752,0.0775,0.0798,0.0822,0.0845,0.0868,0.0892,0.0915,0.0939,0.0962,0.0986,0.1010,0.1033,0.1057,0.1081,0.1105,0.1129,0.1153,0.1177,0.1201,0.1225,0.1250,0.1274,0.1298,0.1323,0.1347,0.1372,0.1396,0.1421,0.1446,0.1470,0.1495,0.1520,0.1545,0.1570,0.1595,0.1620,0.1645,0.1671,0.1696,0.1721,0.1747,0.1772,0.1798,0.1823,0.1849,0.1875,0.1900,0.1926,0.1952,0.1978,0.2004,0.2030,0.2056,0.2082,0.2108,0.2135,0.2161,0.2187,0.2214,0.2240,0.2267,0.2294,0.2320,0.2347,0.2374,0.2401,0.2428,0.2455,0.2482,0.2509,0.2536,0.2563,0.2590,0.2618,0.2645,0.2673,0.2700,0.2728,0.2755,0.2783,0.2811,0.2839,0.2866,0.2894,0.2922,0.2950,0.2978,0.3007,0.3035,0.3063,0.3091,0.3120,0.3148,0.3177,0.3205,0.3234,0.3263,0.3292,0.3320,0.3349,0.3378,0.3407,0.3436,0.3465,0.3495,0.3524,0.3553,0.3582,0.3612,0.3641,0.3671,0.3700,0.3730,0.3760,0.3790,0.3819,0.3849,0.3879,0.3909,0.3939,0.3970,0.4000,0.4030,0.4060,0.4091,0.4121,0.4152,0.4182,0.4213,0.4243,0.4274,0.4305,0.4336,0.4367,0.4398,0.4429,0.4460,0.4491,0.4522,0.4554,0.4585,0.4616,0.4648,0.4679,0.4711,0.4743,0.4774,0.4806,0.4838,0.4870,0.4902,0.4934,0.4966,0.4998,0.5030,0.5062,0.5095,0.5127,0.5160,0.5192,0.5225,0.5257,0.5290,0.5323,0.5355,0.5388,0.5421,0.5454,0.5487,0.5520,0.5554,0.5587,0.5620,0.5653,0.5687,0.5720,0.5754,0.5787,0.5821,0.5855,0.5889,0.5922,0.5956,0.5990,0.6024,0.6058,0.6093,0.6127,0.6161,0.6195,0.6230,0.6264,0.6299,0.6333,0.6368,0.6403,0.6437,0.6472,0.6507,0.6542,0.6577,0.6612,0.6647,0.6683,0.6718,0.6753,0.6789,0.6824,0.6859,0.6895,0.6931,0.6966,0.7002,0.7038,0.7074,0.7110,0.7146,0.7182,0.7218,0.7254,0.7290,0.7327,0.7363,0.7399,0.7436,0.7472,0.7509,0.7546,0.7582,0.7619,0.7656,0.7693,0.7730,0.7767,0.7804,0.7841,0.7879,0.7916,0.7953,0.7991,0.8028,0.8066,0.8103,0.8141,0.8179,0.8217,0.8254,0.8292,0.8330,0.8368,0.8406,0.8445,0.8483,0.8521,0.8559,0.8598,0.8636,0.8675,0.8713,0.8752,0.8791,0.8830,0.8868,0.8907,0.8946,0.8985,0.9025,0.9064,0.9103,0.9142,0.9182,0.9221,0.9260,0.9300,0.9340,0.9379,0.9419,0.9459,0.9499,0.9538,0.9578,0.9618,0.9659,0.9699,0.9739,0.9779,0.9820,0.9860,0.9900,0.9941
0,-1.6793,-2.0000,-2.1262,-2.1991,-2.2441,-2.2714,-2.2862,-2.2917,-2.2901,-2.2828,-2.2707,-2.2547,-2.2354,-2.2133,-2.1888,-2.1621,-2.1336,-2.1035,-2.0719,-2.0390,-2.0050,-1.9700,-1.9340,-1.8973,-1.8598,-1.8216,-1.7828,-1.7435,-1.7037,-1.6635,-1.6229,-1.5819,-1.5406,-1.4990,-1.4572,-1.4151,-1.3729,-1.3304,-1.2878,-1.2451,-1.2022,-1.1593,-1.1163,-1.0732,-1.0300,-0.9869,-0.9436,-0.9004,-0.8572,-0.8140,-0.7708,-0.7276,-0.6844,-0.6413,-0.5982,-0.5552,-0.5123,-0.4694,-0.4266,-0.3839,-0.3412,-0.2987,-0.2562,-0.2139,-0.1716,-0.1295,-0.0874,-0.0455,-0.0037,0.0379,0.0795,0.1209,0.1622,0.2033,0.2444,0.2852,0.3260,0.3666,0.4070,0.4473,0.4874,0.5274,0.5673,0.6069,0.6465,0.6858,0.7250,0.7641,0.8030,0.8417,0.8802,0.9186,0.9568,0.9949,1.0328,1.0705,1.1080,1.1454,1.1825,1.2196,1.2564,1.2931,1.3295,1.3658,1.4020,1.4379,1.4737,1.5093,1.5447,1.5799,1.6150,1.6499,1.6845,1.7190,1.7534,1.7875,1.8215,1.8552,1.8888,1.9222,1.9554,1.9885,2.0213,2.0540,2.0865,2.1187,2.1509,2.1828,2.2145,2.2461,2.2774,2.3086,2.3396,2.3704,2.4010,2.4314,2.4617,2.4917,2.5216,2.5513,2.5807,2.6100,2.6392,2.6681,2.6968,2.7254,2.7538,2.7819,2.8099,2.8377,2.8654,2.8928,2.9200,2.9471,2.9740,3.0007,3.0272,3.0535,3.0796,3.1055,3.1313,3.1569,3.1822,3.2074,3.2324,3.2573,3.2819,3.3063,3.3306,3.3547,3.3786,3.4023,3.4258,3.4492,3.4723,3.4953,3.5181,3.5407,3.5631,3.5853,3.6073,3.6292,3.6509,3.6724,3.6937,3.7148,3.7358,3.7565,3.7771,3.7975,3.8177,3.8378,3.8576,3.8773,3.8968,3.9161,3.9352,3.9541,3.9729,3.9915,4.0099,4.0281,4.0461,4.0640,4.0816,4.0991,4.1165,4.1336,4.1506,4.1673,4.1839,4.2003,4.2166,4.2326,4.2485,4.2642,4.2798,4.2951,4.3103,4.3253,4.3401,4.3547,4.3692,4.3835,4.3976,4.4115,4.4253,4.4388,4.4522,4.4655,4.4785,4.4914,4.5041,4.5166,4.5290,4.5412,4.5532,4.5650,4.5766,4.5881,4.5994,4.6106,4.6215,4.6323,4.6429,4.6533,4.6636,4.6737,4.6836,4.6934,4.7030,4.7124,4.7216,4.7307,4.7396,4.7483,4.7568,4.7652,4.7734,4.7815,4.7893,4.7970,4.8045,4.8119,4.8191,4.8261,4.8330,4.8397,4.8462,4.8525,4.8587,4.8647,4.8705,4.8762,4.8817,4.8871,4.8922,4.8972,4.9021,4.9067,4.9113,4.9156,4.9198,4.9239,4.9277,4.9315,4.9351,4.9385,4.9418,4.9449,4.9479,4.9508,4.9535,4.9560,4.9585,4.9608,4.9629,4.9650,4.9668,4.9686,4.9703,4.9718,4.9732,4.9744,4.9755,4.9766,4.9775,4.9782,4.9789,4.9794,4.9799,4.9802,4.9804,4.9805,4.9805,4.9804,4.9801,4.9798,4.9794,4.9788,4.9782,4.9774,4.9766,4.9757,4.9746,4.9735,4.9723,4.9710,4.9696,4.9681,4.9665,4.9648,4.9630,4.9612,4.9592,4.9572,4.9551,4.9529,4.9507,4.9483,4.9459,4.9434,4.9408,4.9382,4.9355,4.9327,4.9298,4.9268,4.9238,4.9207,4.9176,4.9144,4.9111,4.9077,4.9043,4.9008,4.8973,4.8937,4.8900,4.8863,4.8825,4.8787,4.8748,4.8708,4.8668,4.8627,4.8586,4.8545,4.8502,4.8459,4.8416,4.8372,4.8328,4.8283,4.8238,4.8193,4.8146,4.8100,4.8053,4.8005,4.7957,4.7909,4.7860,4.7811,4.7762,4.7712,4.7661,4.7611,4.7560,4.7508,4.7457,4.7405,4.7352,4.7299,4.7246,4.7193,4.7139,4.7085,4.7031,4.6976,4.6921,4.6866,4.6811,4.6755,4.6699,4.6643,4.6586,4.6529,4.6473,4.6415,4.6358,4.6300,4.6243,4.6184,4.6126,4.6068,4.6009,4.5950,4.5891,4.5832,4.5773,4.5714,4.5654,4.5594,4.5534,4.5474,4.5414,4.5354,4.5294,4.5233,4.5173,4.5112,4.5051,4.4990,4.4929,4.4868,4.4807,4.4746,4.4684,4.4623,4.4562,4.4500,4.4439,4.4377,4.4316,4.4254,4.4192,4.4131,4.4069,4.4007,4.3946,4.3884,4.3822,4.3761,4.3699,4.3637,4.3576,4.3514,4.3452,4.3391,4.3329,4.3268,4.3206,4.3145,4.3084,4.3022,4.2961,4.2900,4.2839,4.2778,4.2717,4.2656,4.2595,4.2535,4.2474,4.2414,4.2353,4.2293,4.2233,4.2173,4.2113,4.2053,4.1994,4.1934,4.1875,4.1815,4.1756,4.1697,4.1638,4.1580,4.1521,4.1463,4.1405,4.1346,4.1289,4.1231,4.1173,4.1116,4.1059,4.1002,4.0945,4.0888,4.0832,4.0776,4.0720,4.0664,4.0608,4.0553,4.0498,4.0443,4.0388,4.0334,4.0280,4.0226,4.0172,4.0118,4.0065,4.0012,3.9959,3.9906,3.9854,3.9802,3.9750,3.9699,3.9647,3.9596,3.9546,3.9495,3.9445,3.9395,3.9345,3.9296,3.9247,3.9198,3.9150,3.9102,3.9054,3.9006,3.8959,3.8912,3.8865,3.8819,3.8773,3.8727,3.8682,3.8637,3.8592,3.8547,3.8503,3.8460,3.8416,3.8373,3.8330,3.8288,3.8246,3.8204,3.8163,3.8122,3.8081,3.8041,3.8001,3.7961,3.7922,3.7883,3.7845,3.7807,3.7769,3.7731,3.7694,3.7658,3.7622,3.7586,3.7550,3.7515,3.7481,3.7446,3.7412,3.7379,3.7346,3.7313,3.7281,3.7249,3.7217,3.7186,3.7156,3.7125,3.7096,3.7066,3.7037,3.7009,3.6981,3.6953,3.6926,3.6899,3.6872,3.6846,3.6821,3.6796,3.6771,3.6747,3.6723,3.6699,3.6677,3.6654,3.6632,3.6610,3.6589,3.6568,3.6548,3.6528,3.6508,3.6489,3.6471,3.6453,3.6435,3.6417,3.6400,3.6384,3.6368,3.6352,3.6337,3.6322,3.6308,3.6294,3.6280,3.6267,3.6255,3.6242,3.6230,3.6219,3.6208,3.6198,3.6187,3.6178,3.6168,3.6159,3.6151,3.6143,3.6135,3.6128,3.6121,3.6115,3.6109,3.6103,3.6098,3.6094,3.6089,3.6085,3.6082,3.6079,3.6076,3.6074,3.6072,3.6071,3.6070,3.6069,3.6069,3.6070,3.6070,3.6071,3.6073,3.6075,3.6077,3.6080,3.6083,3.6086,3.6090,3.6095,3.6100,3.6105,3.6110,3.6116,3.6123,3.6129,3.6137,3.6144,3.6152,3.6161,3.6170,3.6179,3.6188,3.6198,3.6209,3.6220,3.6231,3.6243,3.6255,3.6267,3.6280,3.6293,3.6307,3.6321,3.6335,3.6350,3.6366,3.6381,3.6397,3.6414,3.6431,3.6448,3.6466,3.6484,3.6502,3.6521,3.6540,3.6560,3.6580,3.6600,3.6621,3.6642,3.6664,3.6686,3.6708,3.6731,3.6754,3.6778,3.6802,3.6826,3.6851,3.6876,3.6901,3.6927,3.6954,3.6980,3.7007,3.7035,3.7063,3.7091,3.7120,3.7149,3.7178,3.7208,3.7238,3.7269,3.7300,3.7331,3.7363,3.7395,3.7427,3.7460,3.7494,3.7527,3.7561,3.7596,3.7630,3.7666,3.7701,3.7737,3.7774,3.7810,3.7847,3.7885,3.7923,3.7961,3.8000,3.8039,3.8078,3.8118,3.8158,3.8199,3.8240,3.8281,3.8322,3.8365,3.8407,3.8450,3.8493,3.8537,3.8580,3.8625,3.8669,3.8715,3.8760,3.8806,3.8852,3.8899,3.8946,3.8993,3.9041,3.9089,3.9137,3.9186,3.9235,3.9285,3.9335,3.9385,3.9436,3.9487,3.9538,3.9590,3.9642,3.9695,3.9747,3.9801,3.9854,3.9908,3.9963,4.0018,4.0073,4.0128,4.0184,4.0240,4.0297,4.0354,4.0411,4.0469,4.0527,4.0585,4.0644,4.0703,4.0763,4.0823,4.0883,4.0944,4.1005,4.1066,4.1128,4.1190,4.1252,4.1315,4.1378,4.1442,4.1506,4.1570,4.1634,4.1699,4.1765,4.1831,4.1897,4.1963,4.2030,4.2097,4.2165,4.2232,4.2301,4.2369,4.2438,4.2507,4.2577,4.2647,4.2718,4.2788,4.2859,4.2931,4.3003,4.3075,4.3147,4.3220,4.3294,4.3367,4.3441,4.3515,4.3590,4.3665,4.3741,4.3816,4.3892,4.3969,4.4046,4.4123,4.4200,4.4278,4.4356,4.4435,4.4514,4.4593,4.4673,4.4753,4.4833,4.4914,4.4995,4.5076,4.5158,4.5240,4.5322,4.5405,4.5488,4.5572,4.5656,4.5740,4.5824,4.5909,4.5995,4.6080,4.6166,4.6252,4.6339,4.6426,4.6513,4.6601,4.6689,4.6777,4.6866,4.6955,4.7045,4.7134,4.7224,4.7315,4.7406,4.7497,4.7588,4.7680,4.7772,4.7865,4.7958,4.8051,4.8144,4.8238,4.8332,4.8427,4.8522,4.8617,4.8713,4.8809,4.8905,4.9002,4.9099,4.9196,4.9294,4.9392,4.9490,4.9589,4.9688,4.9787,4.9887,4.9987,5.0087,5.0188,5.0289,5.0390,5.0492,5.0594,5.0696,5.0799,5.0902,5.1006,5.1109,5.1214,5.1318,5.1423,5.1528,5.1633,5.1739,5.1845,5.1952,5.2058,5.2166,5.2273,5.2381,5.2489,5.2597,5.2706,5.2815,5.2925,5.3035,5.3145,5.3255,5.3366,5.3477,5.3589,5.3700,5.3813,5.3925,5.4038,5.4151,5.4264,5.4378,5.4492,5.4607,5.4722,5.4837,5.4952,5.5068,5.5184,5.5300,5.5417,5.5534,5.5652,5.5770,5.5888,5.6006,5.6125,5.6244,5.6363,5.6483,5.6603,5.6723,5.6844,5.6965,5.7087,5.7208,5.7330,5.7453,5.7575,5.7698,5.7822,5.7945,5.8069,5.8194,5.8318,5.8443,5.8569,5.8694,5.8820,5.8946,5.9073,5.9200,5.9327,5.9455,5.9583,5.9711,5.9839,5.9968,6.0097,6.0227,6.0357,6.0487,6.0617,6.0748,6.0879,6.1011,6.1142,6.1274,6.1407,6.1540,6.1673,6.1806,6.1940,6.2074,6.2208,6.2343,6.2478,6.2613,6.2749,6.2884,6.3021
0,3.1305,3.3416,3.4569,3.5454,3.6196,3.6844,3.7425,3.7955,3.8445,3.8902,3.9331,3.9737,4.0122,4.0489,4.0840,4.1177,4.1501,4.1813,4.2115,4.2407,4.2690,4.2965,4.3232,4.3492,4.3746,4.3993,4.4234,4.4470,4.4701,4.4926,4.5147,4.5364,4.5576,4.5784,4.5989,4.6189,4.6387,4.6581,4.6771,4.6959,4.7144,4.7326,4.7505,4.7682,4.7856,4.8027,4.8196,4.8363,4.8528,4.8691,4.8851,4.9010,4.9167,4.9322,4.9475,4.9626,4.9775,4.9923,5.0069,5.0214,5.0357,5.0499,5.0639,5.0778,5.0915,5.1051,5.1186,5.1320,5.1452,5.1583,5.1713,5.1842,5.1969,5.2096,5.2221,5.2345,5.2469,5.2591,5.2712,5.2833,5.2952,5.3071,5.3188,5.3305,5.3421,5.3535,5.3650,5.3763,5.3875,5.3987,5.4098,5.4208,5.4317,5.4426,5.4534,5.4641,5.4748,5.4853,5.4958,5.5063,5.5167,5.5270,5.5373,5.5475,5.5576,5.5677,5.5777,5.5876,5.5975,5.6074,5.6172,5.6269,5.6366,5.6462,5.6558,5.6653,5.6748,5.6842,5.6936,5.7029,5.7122,5.7215,5.7307,5.7398,5.7489,5.7580,5.7670,5.7759,5.7849,5.7938,5.8026,5.8114,5.8202,5.8289,5.8376,5.8462,5.8549,5.8634,5.8720,5.8805,5.8889,5.8974,5.9058,5.9141,5.9225,5.9307,5.9390,5.9472,5.9554,5.9636,5.9717,5.9798,5.9879,5.9959,6.0039,6.0119,6.0199,6.0278,6.0357,6.0436,6.0514,6.0592,6.0670,6.0747,6.0825,6.0902,6.0978,6.1055,6.1131,6.1207,6.1283,6.1358,6.1434,6.1509,6.1583,6.1658,6.1732,6.1806,6.1880,6.1954,6.2027,6.2100,6.2173,6.2246,6.2318,6.2391,6.2463,6.2535,6.2606,6.2678,6.2749,6.2820,6.2891,6.2962,6.3032,6.3103,6.3173,6.3243,6.3313,6.3382,6.3452,6.3521,6.3590,6.3659,6.3727,6.3796,6.3864,6.3932,6.4000,6.4068,6.4136,6.4203,6.4271,6.4338,6.4405,6.4472,6.4539,6.4605,6.4672,6.4738,6.4804,6.4870,6.4936,6.5002,6.5067,6.5133,6.5198,6.5263,6.5328,6.5393,6.5457,6.5522,6.5587,6.5651,6.5715,6.5779,6.5843,6.5907,6.5971,6.6034,6.6098,6.6161,6.6224,6.6287,6.6350,6.6413,6.6476,6.6538,6.6601,6.6663,6.6725,6.6787,6.6850,6.6911,6.6973,6.7035,6.7097,6.7158,6.7220,6.7281,6.7342,6.7403,6.7464,6.7525,6.7586,6.7646,6.7707,6.7768,6.7828,6.7888,6.7948,6.8009,6.8069,6.8129,6.8188,6.8248,6.8308,6.8367,6.8427,6.8486,6.8546,6.8605,6.8664,6.8723,6.8782,6.8841,6.8900,6.8959,6.9017,6.9076,6.9134,6.9193,6.9251,6.9309,6.9367,6.9426,6.9484,6.9542,6.9599,6.9657,6.9715,6.9773,6.9830,6.9888,6.9945,7.0003,7.0060,7.0117,7.0174,7.0231,7.0289,7.0346,7.0402,7.0459,7.0516,7.0573,7.0629,7.0686,7.0743,7.0799,7.0855,7.0912,7.0968,7.1024,7.1081,7.1137,7.1193,7.1249,7.1305,7.1361,7.1416,7.1472,7.1528,7.1584,7.1639,7.1695,7.1750,7.1806,7.1861,7.1916,7.1972,7.2027,7.2082,7.2137,7.2192,7.2247,7.2302,7.2357,7.2412,7.2467,7.2522,7.2577,7.2631,7.2686,7.2741,7.2795,7.2850,7.2904,7.2959,7.3013,7.3067,7.3122,7.3176,7.3230,7.3284,7.3338,7.3393,7.3447,7.3501,7.3555,7.3608,7.3662,7.3716,7.3770,7.3824,7.3878,7.3931,7.3985,7.4039,7.4092,7.4146,7.4199,7.4253,7.4306,7.4360,7.4413,7.4466,7.4520,7.4573,7.4626,7.4679,7.4733,7.4786,7.4839,7.4892,7.4945,7.4998,7.5051,7.5104,7.5157,7.5210,7.5262,7.5315,7.5368,7.5421,7.5474,7.5526,7.5579,7.5632,7.5684,7.5737,7.5789,7.5842,7.5895,7.5947,7.6000,7.6052,7.6104,7.6157,7.6209,7.6261,7.6314,7.6366,7.6418,7.6471,7.6523,7.6575,7.6627,7.6679,7.6731,7.6784,7.6836,7.6888,7.6940,7.6992,7.7044,7.7096,7.7148,7.7200,7.7251,7.7303,7.7355,7.7407,7.7459,7.7511,7.7562,7.7614,7.7666,7.7718,7.7769,7.7821,7.7873,7.7924,7.7976,7.8028,7.8079,7.8131,7.8182,7.8234,7.8285,7.8337,7.8388,7.8440,7.8491,7.8543,7.8594,7.8646,7.8697,7.8749,7.8800,7.8851,7.8903,7.8954,7.9005,7.9057,7.9108,7.9159,7.9210,7.9262,7.9313,7.9364,7.9415,7.9467,7.9518,7.9569,7.9620,7.9671,7.9722,7.9773,7.9825,7.9876,7.9927,7.9978,8.0029,8.0080,8.0131,8.0182,8.0233,8.0284,8.0335,8.0386,8.0437,8.0488,8.0539,8.0590,8.0641,8.0692,8.0743,8.0794,8.0845,8.0896,8.0946,8.0997,8.1048,8.1099,8.1150,8.1201,8.1252,8.1303,8.1353,8.1404,8.1455,8.1506,8.1557,8.1607,8.1658,8.1709,8.1760,8.1811,8.1861,8.1912,8.1963,8.2014,8.2064,8.2115,8.2166,8.2217,8.2267,8.2318,8.2369,8.2420,8.2470,8.2521,8.2572,8.2622,8.2673,8.2724,8.2774,8.2825,8.2876,8.2926,8.2977,8.3028,8.3078,8.3129,8.3180,8.3230,8.3281,8.3332,8.3382,8.3433,8.3484,8.3534,8.3585,8.3636,8.3686,8.3737,8.3788,8.3838,8.3889,8.3939,8.3990,8.4041,8.4091,8.4142,8.4193,8.4243,8.4294,8.4345,8.4395,8.4446,8.4496,8.4547,8.4598,8.4648,8.4699,8.4750,8.4800,8.4851,8.4901,8.4952,8.5003,8.5053,8.5104,8.5155,8.5205,8.5256,8.5306,8.5357,8.5408,8.5458,8.5509,8.5560,8.5610,8.5661,8.5712,8.5762,8.5813,8.5864,8.5914,8.5965,8.6016,8.6066,8.6117,8.6168,8.6218,8.6269,8.6320,8.6370,8.6421,8.6472,8.6522,8.6573,8.6624,8.6675,8.6725,8.6776,8.6827,8.6877,8.6928,8.6979,8.7030,8.7080,8.7131,8.7182,8.7233,8.7283,8.7334,8.7385,8.7436,8.7486,8.7537,8.7588,8.7639,8.7689,8.7740,8.7791,8.7842,8.7893,8.7943,8.7994,8.8045,8.8096,8.8147,8.8198,8.8249,8.8299,8.8350,8.8401,8.8452,8.8503,8.8554,8.8605,8.8656,8.8706,8.8757,8.8808,8.8859,8.8910,8.8961,8.9012,8.9063,8.9114,8.9165,8.9216,8.9267,8.9318,8.9369,8.9420,8.9471,8.9522,8.9573,8.9624,8.9675,8.9726,8.9777,8.9828,8.9879,8.9930,8.9981,9.0032,9.0084,9.0135,9.0186,9.0237,9.0288,9.0339,9.0390,9.0441,9.0493,9.0544,9.0595,9.0646,9.0697,9.0749,9.0800,9.0851,9.0902,9.0954,9.1005,9.1056,9.1107,9.1159,9.1210,9.1261,9.1312,9.1364,9.1415,9.1466,9.1518,9.1569,9.1621,9.1672,9.1723,9.1775,9.1826,9.1877,9.1929,9.1980,9.2032,9.2083,9.2135,9.2186,9.2238,9.2289,9.2341,9.2392,9.2444,9.2495,9.2547,9.2598,9.2650,9.2701,9.2753,9.2805,9.2856,9.2908,9.2959,9.3011,9.3063,9.3114,9.3166,9.3218,9.3269,9.3321,9.3373,9.3425,9.3476,9.3528,9.3580,9.3632,9.3683,9.3735,9.3787,9.3839,9.3891,9.3942,9.3994,9.4046,9.4098,9.4150,9.4202,9.4254,9.4306,9.4358,9.4410,9.4462,9.4513,9.4565,9.4617,9.4669,9.4721,9.4774,9.4826,9.4878,9.4930,9.4982,9.5034,9.5086,9.5138,9.5190,9.5242,9.5294,9.5347,9.5399,9.5451,9.5503,9.5555,9.5608,9.5660,9.5712,9.5764,9.5817,9.5869,9.5921,9.5974,9.6026,9.6078,9.6131,9.6183,9.6235,9.6288,9.6340,9.6393,9.6445,9.6498,9.6550,9.6602,9.6655,9.6707,9.6760,9.6813,9.6865,9.6918,9.6970,9.7023,9.7075,9.7128,9.7181,9.7233,9.7286,9.7339,9.7391,9.7444,9.7497,9.7549,9.7602,9.7655,9.7708,9.7760,9.7813,9.7866,9.7919,9.7972,9.8025,9.8077,9.8130,9.8183,9.8236,9.8289,9.8342,9.8395,9.8448,9.8501,9.8554,9.8607,9.8660,9.8713,9.8766,9.8819,9.8872,9.8925,9.8978,9.9031,9.9085,9.9138,9.9191,9.9244,9.9297,9.9350,9.9404,9.9457,9.9510,9.9563,9.9617,9.9670,9.9723,9.9777,9.9830,9.9883,9.9937,9.9990,10.0044,10.0097,10.0150,10.0204,10.0257,10.0311,10.0364,10.0418,10.0471,10.0525,10.0579,10.0632,10.0686,10.0739,10.0793,10.0847,10.0900,10.0954,10.1008,10.1061,10.1115,10.1169,10.1223,10.1276,10.1330,10.1384,10.1438,10.1492,10.1545,10.1599,10.1653,10.1707,10.1761,10.1815,10.1869,10.1923,10.1977,10.2031,10.2085,10.2139,10.2193,10.2247,10.2301,10.2355,10.2409,10.2463,10.2517,10.2571,10.2626,10.2680,10.2734,10.2788,10.2842,10.2897,10.2951,10.3005,10.3060,10.3114,10.3168,10.3223,10.3277,10.3331,10.3386,10.3440,10.3495,10.3549,10.3603,10.3658,10.3712,10.3767,10.3822,10.3876,10.3931,10.3985,10.4040,10.4094,10.4149,10.4204,10.4258,10.4313,10.4368,10.4422,10.4477,10.4532,10.4587,10.4642,10.4696,10.4751,10.4806,10.4861,10.4916,10.4971,10.5025,10.5080,10.5135,10.5190,10.5245,10.5300,10.5355,10.5410,10.5465,10.5520,10.5575,10.5631,10.5686,10.5741,10.5796,10.5851,10.5906,10.5962,10.6017,10.6072,10.6127,10.6182,10.6238,10.6293,10.6348,10.6404,10.6459,10.6514,10.6570,10.6625,10.6681,10.6736,10.6792,10.6847,10.6903,10.6958,10.7014,10.7069,10.7125,10.7180,10.7236,10.7292,10.7347,10.7403,10.7459,10.7514,10.7570,10.7626,10.7681,10.7737,10.7793,10.7849,10.7905,10.7960,10.8016,10.8072,10.8128,10.8184,10.8240,10.8296,10.8352,10.8408
0,2.8318,3.1568,3.3324,3.4662,3.5775,3.6743,3.7606,3.8390,3.9111,3.9780,4.0407,4.0996,4.1553,4.2083,4.2587,4.3070,4.3532,4.3977,4.4405,4.4817,4.5216,4.5602,4.5976,4.6339,4.6692,4.7034,4.7368,4.7693,4.8010,4.8319,4.8621,4.8916,4.9205,4.9487,4.9763,5.0034,5.0299,5.0559,5.0814,5.1065,5.1310,5.1552,5.1789,5.2022,5.2251,5.2476,5.2698,5.2916,5.3131,5.3343,5.3551,5.3756,5.3958,5.4158,5.4354,5.4548,5.4739,5.4928,5.5114,5.5297,5.5478,5.5657,5.5834,5.6009,5.6181,5.6351,5.6520,5.6686,5.6850,5.7013,5.7174,5.7333,5.7490,5.7645,5.7799,5.7951,5.8102,5.8251,5.8398,5.8544,5.8689,5.8832,5.8974,5.9114,5.9253,5.9390,5.9527,5.9662,5.9796,5.9928,6.0060,6.0190,6.0319,6.0447,6.0574,6.0699,6.0824,6.0948,6.1070,6.1192,6.1312,6.1432,6.1551,6.1668,6.1785,6.1901,6.2016,6.2130,6.2243,6.2355,6.2467,6.2577,6.2687,6.2796,6.2904,6.3012,6.3118,6.3224,6.3329,6.3434,6.3537,6.3640,6.3742,6.3844,6.3945,6.4045,6.4145,6.4244,6.4342,6.4439,6.4536,6.4633,6.4729,6.4824,6.4918,6.5012,6.5106,6.5198,6.5291,6.5382,6.5474,6.5564,6.5654,6.5744,6.5833,6.5921,6.6009,6.6097,6.6184,6.6271,6.6357,6.6442,6.6527,6.6612,6.6696,6.6780,6.6863,6.6946,6.7029,6.7111,6.7192,6.7273,6.7354,6.7434,6.7514,6.7594,6.7673,6.7752,6.7830,6.7908,6.7986,6.8063,6.8140,6.8216,6.8292,6.8368,6.8444,6.8519,6.8593,6.8668,6.8742,6.8816,6.8889,6.8962,6.9035,6.9107,6.9179,6.9251,6.9322,6.9394,6.9465,6.9535,6.9605,6.9675,6.9745,6.9814,6.9884,6.9952,7.0021,7.0089,7.0157,7.0225,7.0292,7.0360,7.0427,7.0493,7.0560,7.0626,7.0692,7.0758,7.0823,7.0888,7.0953,7.1018,7.1082,7.1147,7.1211,7.1275,7.1338,7.1401,7.1465,7.1527,7.1590,7.1653,7.1715,7.1777,7.1839,7.1900,7.1962,7.2023,7.2084,7.2145,7.2205,7.2266,7.2326,7.2386,7.2446,7.2506,7.2565,7.2624,7.2684,7.2743,7.2801,7.2860,7.2918,7.2976,7.3035,7.3092,7.3150,7.3208,7.3265,7.3322,7.3379,7.3436,7.3493,7.3549,7.3606,7.3662,7.3718,7.3774,7.3830,7.3886,7.3941,7.3997,7.4052,7.4107,7.4162,7.4216,7.4271,7.4326,7.4380,7.4434,7.4488,7.4542,7.4596,7.4650,7.4703,7.4757,7.4810,7.4863,7.4916,7.4969,7.5022,7.5075,7.5127,7.5180,7.5232,7.5284,7.5336,7.5388,7.5440,7.5492,7.5543,7.5595,7.5646,7.5698,7.5749,7.5800,7.5851,7.5902,7.5953,7.6003,7.6054,7.6104,7.6155,7.6205,7.6255,7.6305,7.6355,7.6405,7.6455,7.6504,7.6554,7.6603,7.6653,7.6702,7.6751,7.6800,7.6849,7.6898,7.6947,7.6996,7.7045,7.7093,7.7142,7.7190,7.7239,7.7287,7.7335,7.7383,7.7431,7.7479,7.7527,7.7575,7.7622,7.7670,7.7718,7.7765,7.7812,7.7860,7.7907,7.7954,7.8001,7.8048,7.8095,7.8142,7.8189,7.8236,7.8283,7.8329,7.8376,7.8422,7.8469,7.8515,7.8562,7.8608,7.8654,7.8700,7.8746,7.8792,7.8838,7.8884,7.8930,7.8976,7.9021,7.9067,7.9113,7.9158,7.9204,7.9249,7.9294,7.9340,7.9385,7.9430,7.9475,7.9521,7.9566,7.9611,7.9656,7.9700,7.9745,7.9790,7.9835,7.9880,7.9924,7.9969,8.0014,8.0058,8.0103,8.0147,8.0191,8.0236,8.0280,8.0324,8.0369,8.0413,8.0457,8.0501,8.0545,8.0589,8.0633,8.0677,8.0721,8.0765,8.0808,8.0852,8.0896,8.0940,8.0983,8.1027,8.1071,8.1114,8.1158,8.1201,8.1245,8.1288,8.1331,8.1375,8.1418,8.1461,8.1505,8.1548,8.1591,8.1634,8.1677,8.1720,8.1763,8.1807,8.1850,8.1893,8.1935,8.1978,8.2021,8.2064,8.2107,8.2150,8.2193,8.2235,8.2278,8.2321,8.2364,8.2406,8.2449,8.2491,8.2534,8.2577,8.2619,8.2662,8.2704,8.2747,8.2789,8.2832,8.2874,8.2916,8.2959,8.3001,8.3043,8.3086,8.3128,8.3170,8.3213,8.3255,8.3297,8.3339,8.3381,8.3423,8.3466,8.3508,8.3550,8.3592,8.3634,8.3676,8.3718,8.3760,8.3802,8.3844,8.3886,8.3928,8.3970,8.4012,8.4054,8.4096,8.4138,8.4180,8.4222,8.4263,8.4305,8.4347,8.4389,8.4431,8.4473,8.4514,8.4556,8.4598,8.4640,8.4681,8.4723,8.4765,8.4807,8.4848,8.4890,8.4932,8.4973,8.5015,8.5057,8.5098,8.5140,8.5182,8.5223,8.5265,8.5307,8.5348,8.5390,8.5432,8.5473,8.5515,8.5556,8.5598,8.5640,8.5681,8.5723,8.5764,8.5806,8.5847,8.5889,8.5931,8.5972,8.6014,8.6055,8.6097,8.6138,8.6180,8.6221,8.6263,8.6304,8.6346,8.6387,8.6429,8.6471,8.6512,8.6554,8.6595,8.6637,8.6678,8.6720,8.6761,8.6803,8.6844,8.6886,8.6927,8.6969,8.7010,8.7052,8.7093,8.7135,8.7177,8.7218,8.7260,8.7301,8.7343,8.7384,8.7426,8.7467,8.7509,8.7550,8.7592,8.7634,8.7675,8.7717,8.7758,8.7800,8.7842,8.7883,8.7925,8.7966,8.8008,8.8050,8.8091,8.8133,8.8174,8.8216,8.8258,8.8299,8.8341,8.8383,8.8424,8.8466,8.8508,8.8549,8.8591,8.8633,8.8674,8.8716,8.8758,8.8800,8.8841,8.8883,8.8925,8.8967,8.9008,8.9050,8.9092,8.9134,8.9176,8.9217,8.9259,8.9301,8.9343,8.9385,8.9427,8.9468,8.9510,8.9552,8.9594,8.9636,8.9678,8.9720,8.9762,8.9804,8.9846,8.9888,8.9930,8.9972,9.0014,9.0056,9.0098,9.0140,9.0182,9.0224,9.0266,9.0308,9.0350,9.0392,9.0434,9.0476,9.0519,9.0561,9.0603,9.0645,9.0687,9.0730,9.0772,9.0814,9.0856,9.0899,9.0941,9.0983,9.1025,9.1068,9.1110,9.1152,9.1195,9.1237,9.1280,9.1322,9.1364,9.1407,9.1449,9.1492,9.1534,9.1577,9.1619,9.1662,9.1704,9.1747,9.1790,9.1832,9.1875,9.1917,9.1960,9.2003,9.2045,9.2088,9.2131,9.2173,9.2216,9.2259,9.2302,9.2344,9.2387,9.2430,9.2473,9.2516,9.2559,9.2602,9.2644,9.2687,9.2730,9.2773,9.2816,9.2859,9.2902,9.2945,9.2988,9.3031,9.3075,9.3118,9.3161,9.3204,9.3247,9.3290,9.3333,9.3377,9.3420,9.3463,9.3506,9.3550,9.3593,9.3636,9.3680,9.3723,9.3767,9.3810,9.3853,9.3897,9.3940,9.3984,9.4027,9.4071,9.4114,9.4158,9.4202,9.4245,9.4289,9.4332,9.4376,9.4420,9.4464,9.4507,9.4551,9.4595,9.4639,9.4682,9.4726,9.4770,9.4814,9.4858,9.4902,9.4946,9.4990,9.5034,9.5078,9.5122,9.5166,9.5210,9.5254,9.5298,9.5342,9.5386,9.5431,9.5475,9.5519,9.5563,9.5608,9.5652,9.5696,9.5741,9.5785,9.5829,9.5874,9.5918,9.5963,9.6007,9.6052,9.6096,9.6141,9.6185,9.6230,9.6275,9.6319,9.6364,9.6409,9.6453,9.6498,9.6543,9.6588,9.6632,9.6677,9.6722,9.6767,9.6812,9.6857,9.6902,9.6947,9.6992,9.7037,9.7082,9.7127,9.7172,9.7217,9.7262,9.7308,9.7353,9.7398,9.7443,9.7488,9.7534,9.7579,9.7624,9.7670,9.7715,9.7761,9.7806,9.7852,9.7897,9.7943,9.7988,9.8034,9.8079,9.8125,9.8171,9.8216,9.8262,9.8308,9.8353,9.8399,9.8445,9.8491,9.8537,9.8583,9.8629,9.8675,9.8720,9.8766,9.8813,9.8859,9.8905,9.8951,9.8997,9.9043,9.9089,9.9135,9.9182,9.9228,9.9274,9.9320,9.9367,9.9413,9.9460,9.9506,9.9552,9.9599,9.9645,9.9692,9.9738,9.9785,9.9832,9.9878,9.9925,9.9972,10.0018,10.0065,10.0112,10.0159,10.0206,10.0252,10.0299,10.0346,10.0393,10.0440,10.0487,10.0534,10.0581,10.0628,10.0675,10.0722,10.0770,10.0817,10.0864,10.0911,10.0959,10.1006,10.1053,10.1101,10.1148,10.1195,10.1243,10.1290,10.1338,10.1385,10.1433,10.1480,10.1528,10.1576,10.1623,10.1671,10.1719,10.1767,10.1814,10.1862,10.1910,10.1958,10.2006,10.2054,10.2102,10.2150,10.2198,10.2246,10.2294,10.2342,10.2390,10.2438,10.2487,10.2535,10.2583,10.2631,10.2680,10.2728,10.2776,10.2825,10.2873,10.2922,10.2970,10.3019,10.3067,10.3116,10.3164,10.3213,10.3262,10.3310,10.3359,10.3408,10.3457,10.3506,10.3554,10.3603,10.3652,10.3701,10.3750,10.3799,10.3848,10.3897,10.3946,10.3995,10.4045,10.4094,10.4143,10.4192,10.4242,10.4291,10.4340,10.4390,10.4439,10.4488,10.4538,10.4587,10.4637,10.4686,10.4736,10.4786,10.4835,10.4885,10.4935,10.4984,10.5034,10.5084,10.5134,10.5184,10.5233,10.5283,10.5333,10.5383,10.5433,10.5483,10.5533,10.5584,10.5634,10.5684,10.5734,10.5784,10.5835,10.5885,10.5935,10.5986,10.6036,10.6086,10.6137,10.6187,10.6238,10.6288,10.6339,10.6390,10.6440,10.6491,10.6542,10.6592,10.6643,10.6694,10.6745,10.6796,10.6847,10.6897,10.6948,10.6999,10.7050,10.7102,10.7153,10.7204,10.7255,10.7306,10.7357,10.7409,10.7460,10.7511,10.7562,10.7614,10.7665,10.7717,10.7768,10.7820,10.7871,10.7923,10.7974,10.8026,10.8078,10.8129,10.8181,10.8233,10.8285,10.8337,10.8388,10.8440,10.8492,10.8544,10.8596,10.8648,10.8700,10.8752,10.8804,10.8857,10.8909,10.8961,10.9013,10.9066,10.9118,10.9170
0,44.2515,37.2303,33.5471,30.9685,29.0625,27.6438,26.6104,25.9014,25.4866,25.3455,25.4616,25.8208,26.4111,27.2223,28.2453,29.4720,30.8953,32.5087,34.3063,36.2827,38.4331,40.7529,43.2077,45.6508,47.9259,49.8959,51.4401,52.4520,52.8371,52.5506,51.7048,50.4387,48.8784,47.1387,45.3241,43.5304,41.8450,40.3307,38.9766,37.7555,36.6426,35.6144,34.6493,33.7273,32.8296,31.9386,31.0414,30.1396,29.2378,28.3405,27.4519,26.5758,25.7160,24.8759,24.0589,23.2679,22.5060,21.7758,21.0800,20.4210,19.8012,19.2227,18.6877,18.1981,17.7559,17.3627,17.0204,16.7292,16.4851,16.2829,16.1177,15.9846,15.8792,15.7970,15.7340,15.6860,15.6492,15.6200,15.5946,15.5703,15.5465,15.5230,15.5000,15.4775,15.4553,15.4334,15.4119,15.3908,15.3700,15.3495,15.3293,15.3094,15.2898,15.2704,15.2513,15.2325,15.2138,15.1954,15.1772,15.1592,15.1414,15.1238,15.1063,15.0890,15.0719,15.0549,15.0380,15.0213,15.0047,14.9882,14.9718,14.9555,14.9393,14.9231,14.9071,14.8911,14.8752,14.8594,14.8436,14.8278,14.8121,14.7965,14.7808,14.7652,14.7496,14.7341,14.7185,14.7029,14.6874,14.6718,14.6563,14.6407,14.6251,14.6095,14.5938,14.5781,14.5624,14.5467,14.5309,14.5151,14.4992,14.4832,14.4673,14.4512,14.4351,14.4189,14.4027,14.3864,14.3700,14.3536,14.3370,14.3204,14.3037,14.2869,14.2700,14.2530,14.2359,14.2188,14.2015,14.1841,14.1666,14.1490,14.1313,14.1135,14.0956,14.0776,14.0594,14.0411,14.0227,14.0042,13.9855,13.9667,13.9478,13.9288,13.9096,13.8903,13.8710,13.8515,13.8319,13.8122,13.7924,13.7725,13.7525,13.7325,13.7124,13.6922,13.6719,13.6516,13.6312,13.6108,13.5903,13.5697,13.5491,13.5285,13.5078,13.4871,13.4664,13.4456,13.4248,13.4040,13.3831,13.3623,13.3414,13.3205,13.2997,13.2788,13.2579,13.2370,13.2161,13.1952,13.1744,13.1535,13.1327,13.1119,13.0911,13.0703,13.0496,13.0288,13.0081,12.9875,12.9669,12.9463,12.9258,12.9053,12.8848,12.8644,12.8440,12.8237,12.8035,12.7833,12.7632,12.7431,12.7231,12.7031,12.6832,12.6634,12.6437,12.6240,12.6044,12.5849,12.5654,12.5460,12.5267,12.5075,12.4884,12.4694,12.4504,12.4316,12.4128,12.3941,12.3755,12.3571,12.3387,12.3204,12.3022,12.2841,12.2661,12.2482,12.2305,12.2128,12.1953,12.1778,12.1605,12.1433,12.1262,12.1092,12.0923,12.0755,12.0589,12.0424,12.0260,12.0097,11.9936,11.9776,11.9617,11.9459,11.9303,11.9148,11.8994,11.8842,11.8691,11.8541,11.8392,11.8245,11.8099,11.7954,11.7810,11.7668,11.7527,11.7387,11.7248,11.7110,11.6973,11.6838,11.6704,11.6571,11.6439,11.6308,11.6178,11.6049,11.5922,11.5795,11.5670,11.5545,11.5422,11.5300,11.5179,11.5059,11.4939,11.4821,11.4704,11.4588,11.4473,11.4359,11.4246,11.4134,11.4023,11.3912,11.3803,11.3695,11.3587,11.3481,11.3375,11.3271,11.3167,11.3064,11.2963,11.2862,11.2761,11.2662,11.2564,11.2466,11.2370,11.2274,11.2179,11.2085,11.1992,11.1899,11.1808,11.1717,11.1627,11.1538,11.1449,11.1362,11.1275,11.1189,11.1104,11.1019,11.0936,11.0853,11.0770,11.0689,11.0608,11.0528,11.0449,11.0370,11.0293,11.0216,11.0139,11.0063,10.9988,10.9914,10.9841,10.9768,10.9695,10.9624,10.9553,10.9483,10.9413,10.9344,10.9276,10.9208,10.9141,10.9075,10.9009,10.8944,10.8880,10.8816,10.8753,10.8690,10.8628,10.8567,10.8506,10.8446,10.8386,10.8327,10.8268,10.8210,10.8153,10.8096,10.8040,10.7984,10.7929,10.7875,10.7821,10.7767,10.7714,10.7662,10.7610,10.7559,10.7508,10.7458,10.7408,10.7359,10.7310,10.7261,10.7214,10.7166,10.7120,10.7073,10.7027,10.6982,10.6937,10.6893,10.6849,10.6806,10.6763,10.6720,10.6678,10.6636,10.6595,10.6554,10.6514,10.6474,10.6435,10.6396,10.6357,10.6319,10.6282,10.6244,10.6207,10.6171,10.6135,10.6099,10.6064,10.6029,10.5995,10.5961,10.5927,10.5894,10.5861,10.5829,10.5797,10.5765,10.5734,10.5703,10.5672,10.5642,10.5612,10.5582,10.5553,10.5525,10.5496,10.5468,10.5440,10.5413,10.5386,10.5359,10.5333,10.5307,10.5281,10.5256,10.5231,10.5206,10.5181,10.5157,10.5134,10.5110,10.5087,10.5064,10.5042,10.5019,10.4997,10.4976,10.4955,10.4933,10.4913,10.4892,10.4872,10.4852,10.4833,10.4813,10.4794,10.4775,10.4757,10.4739,10.4721,10.4703,10.4686,10.4668,10.4652,10.4635,10.4619,10.4602,10.4587,10.4571,10.4555,10.4540,10.4525,10.4511,10.4496,10.4482,10.4468,10.4454,10.4441,10.4428,10.4415,10.4402,10.4389,10.4377,10.4365,10.4353,10.4341,10.4330,10.4318,10.4307,10.4296,10.4286,10.4275,10.4265,10.4255,10.4245,10.4235,10.4226,10.4217,10.4207,10.4199,10.4190,10.4181,10.4173,10.4165,10.4157,10.4149,10.4141,10.4134,10.4127,10.4119,10.4113,10.4106,10.4099,10.4093,10.4086,10.4080,10.4074,10.4069,10.4063,10.4057,10.4052,10.4047,10.4042,10.4037,10.4032,10.4028,10.4023,10.4019,10.4015,10.4011,10.4007,10.4003,10.3999,10.3996,10.3993,10.3989,10.3986,10.3983,10.3980,10.3978,10.3975,10.3973,10.3970,10.3968,10.3966,10.3964,10.3962,10.3960,10.3959,10.3957,10.3956,10.3954,10.3953,10.3952,10.3951,10.3950,10.3949,10.3948,10.3948,10.3947,10.3947,10.3947,10.3946,10.3946,10.3946,10.3946,10.3946,10.3946,10.3947,10.3947,10.3948,10.3948,10.3949,10.3949,10.3950,10.3951,10.3952,10.3953,10.3954,10.3955,10.3957,10.3958,10.3959,10.3961,10.3962,10.3964,10.3965,10.3967,10.3969,10.3971,10.3972,10.3974,10.3976,10.3978,10.3980,10.3983,10.3985,10.3987,10.3989,10.3992,10.3994,10.3997,10.3999,10.4002,10.4004,10.4007,10.4010,10.4012,10.4015,10.4018,10.4021,10.4024,10.4026,10.4029,10.4032,10.4035,10.4038,10.4042,10.4045,10.4048,10.4051,10.4054,10.4057,10.4061,10.4064,10.4067,10.4070,10.4074,10.4077,10.4080,10.4084,10.4087,10.4091,10.4094,10.4098,10.4101,10.4104,10.4108,10.4111,10.4115,10.4119,10.4122,10.4126,10.4129,10.4133,10.4136,10.4140,10.4143,10.4147,10.4150,10.4154,10.4158,10.4161,10.4165,10.4168,10.4172,10.4175,10.4179,10.4183,10.4186,10.4190,10.4193,10.4197,10.4200,10.4204,10.4207,10.4211,10.4214,10.4217,10.4221,10.4224,10.4228,10.4231,10.4234,10.4238,10.4241,10.4244,10.4248,10.4251,10.4254,10.4257,10.4260,10.4264,10.4267,10.4270,10.4273,10.4276,10.4279,10.4282,10.4285,10.4288,10.4291,10.4294,10.4297,10.4299,10.4302,10.4305,10.4308,10.4310,10.4313,10.4315,10.4318,10.4320,10.4323,10.4325,10.4328,10.4330,10.4332,10.4335,10.4337,10.4339,10.4341,10.4343,10.4345,10.4347,10.4349,10.4351,10.4353,10.4355,10.4357,10.4358,10.4360,10.4362,10.4363,10.4365,10.4366,10.4367,10.4369,10.4370,10.4371,10.4372,10.4373,10.4374,10.4375,10.4376,10.4377,10.4378,10.4379,10.4379,10.4380,10.4381,10.4381,10.4381,10.4382,10.4382,10.4382,10.4383,10.4383,10.4383,10.4383,10.4382,10.4382,10.4382,10.4382,10.4381,10.4381,10.4380,10.4380,10.4379,10.4378,10.4377,10.4377,10.4376,10.4375,10.4373,10.4372,10.4371,10.4370,10.4368,10.4367,10.4365,10.4363,10.4362,10.4360,10.4358,10.4356,10.4354,10.4352,10.4349,10.4347,10.4344,10.4342,10.4339,10.4337,10.4334,10.4331,10.4328,10.4325,10.4322,10.4319,10.4316,10.4312,10.4309,10.4305,10.4301,10.4298,10.4294,10.4290,10.4286,10.4282,10.4278,10.4273,10.4269,10.4264,10.4260,10.4255,10.4250,10.4245,10.4240,10.4235,10.4230,10.4225,10.4219,10.4214,10.4208,10.4203,10.4197,10.4191,10.4185,10.4179,10.4173,10.4167,10.4160,10.4154,10.4147,10.4140,10.4134,10.4127,10.4120,10.4112,10.4105,10.4098,10.4090,10.4083,10.4075,10.4067,10.4059,10.4051,10.4043,10.4035,10.4027,10.4018,10.4010,10.4001,10.3992,10.3983,10.3974,10.3965,10.3956,10.3947,10.3937,10.3928,10.3918,10.3908,10.3898,10.3888,10.3878,10.3868,10.3857,10.3847,10.3836,10.3825,10.3815,10.3804,10.3792,10.3781,10.3770,10.3758,10.3747,10.3735,10.3723,10.3711,10.3699,10.3687,10.3675,10.3662,10.3650,10.3637,10.3624,10.3611,10.3598,10.3585,10.3571,10.3558,10.3544,10.3531,10.3517,10.3503,10.3489,10.3474,10.3460,10.3446,10.3431,10.3416,10.3401,10.3386,10.3371,10.3356,10.3340,10.3325,10.3309,10.3293,10.3278,10.3261,10.3245,10.3229,10.3212,10.3196,10.3179,10.3162,10.3145,10.3128,10.3111,10.3093,10.3076,10.3058,10.3040,10.3022,10.3004,10.2986,10.2968,10.2949,10.2930,10.2912,10.2893,10.2874,10.2854,10.2835,10.2815,10.2796,10.2776,10.2756,10.2736,10.2716,10.2695,10.2675,10.2654,10.2634,10.2613,10.2592,10.2570,10.2549,10.2527,10.2506,10.2484,10.2462,10.2440,10.2418,10.2395,10.2373,10.2350,10.2327,10.2304,10.2281,10.2258,10.2235,10.2211,10.2187,10.2164,10.2140,10.2115,10.2091,10.2067,10.2042,10.2017,10.1992,10.1967,10.1942,10.1917,10.1891,10.1866,10.1840,10.1814,10.1788,10.1761,10.1735,10.1708,10.1682,10.1655,10.1628,10.1600,10.1573,10.1546,10.1518,10.1490,10.1462,10.1434,10.1406,10.1377,10.1349,10.1320,10.1291,10.1262,10.1233,10.1203,10.1174,10.1144,10.1114,10.1084,10.1054,10.1024,10.0993,10.0963,10.0932,10.0901,10.0870,10.0838,10.0807,10.0775
0,39.7907,30.0615,27.7405,27.1494,27.3227,27.8876,28.6586,29.5299,30.4359,31.3335,32.1931,32.9937,33.7201,34.3614,34.9090,35.3569,35.7004,35.9358,36.0607,36.0729,35.9711,35.7543,35.4380,35.0986,34.8178,34.6676,34.7110,35.0040,35.5962,36.5033,37.6293,38.8604,40.0938,41.2358,42.2012,42.9126,43.2989,43.3242,43.0692,42.6363,42.1204,41.6093,41.1845,40.9216,40.8912,41.1588,41.7617,42.6400,43.7142,44.9097,46.1564,47.3884,48.5435,49.5630,50.3917,50.9775,51.2863,51.3467,51.2008,50.8886,50.4479,49.9151,49.3243,48.7085,48.0988,47.5250,47.0155,46.5915,46.2495,45.9807,45.7762,45.6278,45.5275,45.4677,45.4410,45.4405,45.4593,45.4909,45.5290,45.5685,45.6075,45.6449,45.6799,45.7114,45.7385,45.7605,45.7764,45.7854,45.7868,45.7798,45.7637,45.7377,45.7013,45.6537,45.5943,45.5225,45.4377,45.3394,45.2269,45.0998,44.9575,44.7995,44.6254,44.4346,44.2267,44.0013,43.7584,43.4997,43.2275,42.9438,42.6507,42.3502,42.0442,41.7347,41.4234,41.1123,40.8029,40.4971,40.1965,39.9026,39.6172,39.3414,39.0757,38.8199,38.5743,38.3389,38.1137,37.8988,37.6942,37.5000,37.3162,37.1430,36.9802,36.8281,36.6865,36.5557,36.4355,36.3261,36.2275,36.1397,36.0628,35.9967,35.9416,35.8975,35.8643,35.8422,35.8311,35.8311,35.8422,35.8644,35.8978,35.9424,35.9982,36.0652,36.1435,36.2330,36.3338,36.4460,36.5695,36.7044,36.8506,37.0082,37.1772,37.3576,37.5495,37.7528,37.9676,38.1939,38.4316,38.6809,38.9416,39.2139,39.4976,39.7915,40.0945,40.4054,40.7231,41.0463,41.3740,41.7050,42.0382,42.3726,42.7071,43.0406,43.3721,43.7007,44.0253,44.3449,44.6586,44.9655,45.2646,45.5536,45.8249,46.0698,46.2795,46.4454,46.5591,46.6124,46.5970,46.5050,46.3283,46.0592,45.6900,45.2131,44.6211,43.9066,43.0624,42.0813,40.9564,39.6807,38.2475,36.6565,34.9345,33.1141,31.2277,29.3073,27.3841,25.4893,23.6534,21.9066,20.2785,18.7986,17.4958,16.3986,15.5351,14.9332,14.6202,14.6232,14.9689,15.6835,16.7931,18.3233,20.2883,22.6584,25.3934,28.4533,31.7990,35.3915,39.1926,43.1645,47.2697,51.4714,55.7331,60.0189,64.2931,68.5207,72.6670,76.6976,80.5789,84.2772,87.7597,90.9935,93.9467,96.5871,98.8912,100.8663,102.5274,103.8893,104.9668,105.7743,106.3262,106.6365,106.7195,106.5888,106.2582,105.7413,105.0514,104.2018,103.2056,102.0757,100.8249,99.4660,98.0115,96.4737,94.8650,93.1973,91.4829,89.7319,87.9487,86.1360,84.2964,82.4328,80.5476,78.6436,76.7233,74.7892,72.8439,70.8899,68.9297,66.9657,65.0004,63.0362,61.0753,59.1203,57.1734,55.2369,53.3131,51.4042,49.5126,47.6404,45.7898,43.9630,42.1621,40.3893,38.6466,36.9361,35.2600,33.6201,32.0187,30.4576,28.9389,27.4645,26.0364,24.6564,23.3265,22.0486,20.8246,19.6562,18.5454,17.4939,16.5036,15.5762,14.7135,13.9172,13.1891,12.5308,11.9434,11.4245,10.9713,10.5807,10.2499,9.9760,9.7561,9.5874,9.4670,9.3923,9.3603,9.3684,9.4139,9.4941,9.6062,9.7478,9.9160,10.1085,10.3225,10.5555,10.8050,11.0685,11.3434,11.6275,11.9180,12.2128,12.5096,12.8080,13.1075,13.4081,13.7093,14.0109,14.3127,14.6144,14.9158,15.2166,15.5166,15.8155,16.1130,16.4090,16.7032,16.9953,17.2851,17.5725,17.8570,18.1386,18.4169,18.6918,18.9630,19.2303,19.4935,19.7524,20.0067,20.2562,20.5007,20.7401,20.9740,21.2023,21.4247,21.6411,21.8513,22.0550,22.2521,22.4423,22.6255,22.8014,22.9699,23.1307,23.2837,23.4287,23.5655,23.6939,23.8137,23.9247,24.0268,24.1197,24.2033,24.2774,24.3419,24.3965,24.4410,24.4755,24.5000,24.5148,24.5201,24.5163,24.5035,24.4821,24.4522,24.4141,24.3680,24.3143,24.2530,24.1845,24.1090,24.0268,23.9379,23.8428,23.7416,23.6346,23.5219,23.4038,23.2805,23.1523,23.0193,22.8818,22.7400,22.5942,22.4444,22.2910,22.1341,21.9740,21.8108,21.6449,21.4764,21.3055,21.1324,20.9574,20.7806,20.6022,20.4226,20.2418,20.0601,19.8776,19.6946,19.5113,19.3278,19.1444,18.9613,18.7786,18.5966,18.4154,18.2352,18.0562,17.8786,17.7026,17.5283,17.3561,17.1859,17.0181,16.8527,16.6900,16.5302,16.3734,16.2198,16.0696,15.9229,15.7799,15.6409,15.5059,15.3751,15.2487,15.1269,15.0098,14.8976,14.7904,14.6885,14.5920,14.5010,14.4157,14.3362,14.2628,14.1955,14.1346,14.0801,14.0323,13.9913,13.9572,13.9301,13.9104,13.8980,13.8930,13.8952,13.9042,13.9195,13.9409,13.9678,14.0000,14.0371,14.0787,14.1244,14.1738,14.2267,14.2826,14.3412,14.4021,14.4649,14.5294,14.5951,14.6617,14.7289,14.7963,14.8635,14.9303,14.9962,15.0610,15.1243,15.1858,15.2451,15.3019,15.3559,15.4068,15.4542,15.4979,15.5378,15.5742,15.6069,15.6362,15.6621,15.6847,15.7041,15.7203,15.7334,15.7435,15.7507,15.7550,15.7566,15.7555,15.7517,15.7454,15.7366,15.7254,15.7119,15.6961,15.6781,15.6580,15.6359,15.6118,15.5858,15.5580,15.5285,15.4972,15.4643,15.4299,15.3940,15.3567,15.3180,15.2781,15.2369,15.1946,15.1513,15.1069,15.0616,15.0154,14.9684,14.9206,14.8722,14.8231,14.7735,14.7234,14.6728,14.6219,14.5707,14.5193,14.4677,14.4159,14.3641,14.3123,14.2606,14.2090,14.1576,14.1064,14.0555,14.0050,13.9549,13.9053,13.8563,13.8078,13.7600,13.7129,13.6665,13.6209,13.5761,13.5320,13.4887,13.4461,13.4042,13.3631,13.3227,13.2830,13.2440,13.2057,13.1681,13.1312,13.0949,13.0594,13.0245,12.9903,12.9567,12.9238,12.8916,12.8599,12.8290,12.7986,12.7689,12.7398,12.7113,12.6834,12.6561,12.6295,12.6034,12.5779,12.5530,12.5286,12.5048,12.4816,12.4590,12.4369,12.4153,12.3943,12.3739,12.3539,12.3345,12.3157,12.2973,12.2794,12.2621,12.2453,12.2289,12.2131,12.1977,12.1828,12.1684,12.1545,12.1410,12.1280,12.1154,12.1033,12.0917,12.0805,12.0697,12.0594,12.0495,12.0400,12.0309,12.0223,12.0140,12.0062,11.9988,11.9917,11.9851,11.9788,11.9729,11.9674,11.9623,11.9575,11.9531,11.9491,11.9454,11.9421,11.9391,11.9364,11.9341,11.9322,11.9305,11.9292,11.9282,11.9275,11.9271,11.9270,11.9273,11.9278,11.9286,11.9298,11.9312,11.9329,11.9348,11.9371,11.9396,11.9423,11.9454,11.9487,11.9522,11.9560,11.9601,11.9643,11.9689,11.9736,11.9786,11.9838,11.9893,11.9949,12.0008,12.0069,12.0132,12.0197,12.0263,12.0332,12.0403,12.0476,12.0550,12.0627,12.0705,12.0784,12.0866,12.0949,12.1034,12.1120,12.1208,12.1298,12.1389,12.1481,12.1575,12.1670,12.1766,12.1864,12.1963,12.2063,12.2165,12.2268,12.2371,12.2476,12.2582,12.2689,12.2797,12.2906,12.3016,12.3127,12.3238,12.3351,12.3464,12.3578,12.3693,12.3808,12.3924,12.4041,12.4158,12.4276,12.4395,12.4514,12.4633,12.4753,12.4873,12.4994,12.5115,12.5236,12.5358,12.5480,12.5602,12.5724,12.5847,12.5969,12.6092,12.6215,12.6337,12.6460,12.6583,12.6706,12.6828,12.6951,12.7073,12.7196,12.7318,12.7440,12.7561,12.7682,12.7803,12.7924,12.8044,12.8164,12.8284,12.8403,12.8521,12.8640,12.8757,12.8874,12.8990,12.9106,12.9221,12.9336,12.9450,12.9563,12.9675,12.9786,12.9897,13.0007,13.0116,13.0224,13.0331,13.0438,13.0543,13.0647,13.0751,13.0853,13.0954,13.1054,13.1153,13.1251,13.1348,13.1443,13.1538,13.1631,13.1722,13.1813,13.1902,13.1990,13.2076,13.2161,13.2245,13.2327,13.2408,13.2487,13.2565,13.2641,13.2716,13.2789,13.2860,13.2930,13.2998,13.3065,13.3130,13.3193,13.3254,13.3314,13.3371,13.3427,13.3481,13.3534,13.3584,13.3632,13.3679,13.3723,13.3766,13.3807,13.3845,13.3882,13.3916,13.3948,13.3979,13.4007,13.4033,13.4057,13.4078,13.4098,13.4115,13.4130,13.4142,13.4153,13.4161,13.4166,13.4170,13.4171,13.4169,13.4165,13.4159,13.4150,13.4139,13.4125,13.4108,13.4090,13.4068,13.4044,13.4017,13.3988,13.3956,13.3921,13.3884,13.3844,13.3801,13.3756,13.3708,13.3657,13.3603,13.3546,13.3487,13.3424,13.3359,13.3291,13.3220,13.3146,13.3069,13.2989,13.2906,13.2820,13.2731,13.2639,13.2543,13.2445,13.2344,13.2239,13.2132,13.2021,13.1907,13.1790,13.1670,13.1546,13.1419,13.1289,13.1156,13.1019,13.0879,13.0736,13.0589,13.0439,13.0285,13.0128,12.9968,12.9804,12.9637,12.9466,12.9292,12.9115,12.8933,12.8749,12.8560,12.8368,12.8173,12.7974,12.7771,12.7565,12.7355,12.7141,12.6923,12.6702,12.6477,12.6249,12.6016,12.5780,12.5540,12.5297,12.5049,12.4798,12.4543,12.4283,12.4020,12.3754,12.3483,12.3208,12.2929,12.2647,12.2360,12.2069,12.1775,12.1476,12.1174,12.0867,12.0556,12.0241,11.9922,11.9599,11.9272,11.8940,11.8605,11.8265,11.7921,11.7573,11.7221,11.6864,11.6504,11.6139,11.5769,11.5396,11.5018,11.4636,11.4249,11.3858,11.3463,11.3063,11.2659,11.2251,11.1838,11.1421,11.0999,11.0573,11.0143,10.9707,10.9268,10.8824,10.8375,10.7922,10.7464,10.7002,10.6535,10.6064,10.5588,10.5107,10.4622,10.4132,10.3637,10.3138,10.2634,10.2125,10.1612,10.1094,10.0571,10.0044,9.9511,9.8974,9.8432,9.7886,9.7334,9.6778,9.6217,9.5651,9.5080,9.4504,9.3924,9.3338,9.2748,9.2153,9.1552,9.0947,9.0337,8.9722,8.9102,8.8477,8.7847,8.7212,8.6571,8.5926
0,1.0000,0.9918,0.9868,0.9826,0.9790,0.9756,0.9724,0.9695,0.9666,0.9639,0.9613,0.9587,0.9562,0.9538,0.9514,0.9491,0.9469,0.9446,0.9424,0.9403,0.9381,0.9360,0.9340,0.9319,0.9299,0.9279,0.9259,0.9240,0.9220,0.9201,0.9182,0.9163,0.9144,0.9126,0.9107,0.9089,0.9071,0.9053,0.9035,0.9017,0.9000,0.8982,0.8964,0.8947,0.8930,0.8913,0.8896,0.8879,0.8862,0.8845,0.8828,0.8811,0.8795,0.8778,0.8762,0.8746,0.8729,0.8713,0.8697,0.8681,0.8665,0.8649,0.8633,0.8617,0.8601,0.8586,0.8570,0.8554,0.8539,0.8523,0.8508,0.8492,0.8477,0.8462,0.8446,0.8431,0.8416,0.8401,0.8386,0.8371,0.8356,0.8341,0.8326,0.8311,0.8296,0.8281,0.8266,0.8252,0.8237,0.8222,0.8208,0.8193,0.8179,0.8164,0.8150,0.8135,0.8121,0.8106,0.8092,0.8078,0.8063,0.8049,0.8035,0.8021,0.8007,0.7992,0.7978,0.7964,0.7950,0.7936,0.7922,0.7908,0.7894,0.7880,0.7867,0.7853,0.7839,0.7825,0.7811,0.7798,0.7784,0.7770,0.7757,0.7743,0.7729,0.7716,0.7702,0.7688,0.7675,0.7661,0.7648,0.7634,0.7621,0.7608,0.7594,0.7581,0.7567,0.7554,0.7541,0.7528,0.7514,0.7501,0.7488,0.7475,0.7461,0.7448,0.7435,0.7422,0.7409,0.7396,0.7383,0.7370,0.7356,0.7343,0.7330,0.7317,0.7304,0.7292,0.7279,0.7266,0.7253,0.7240,0.7227,0.7214,0.7201,0.7188,0.7176,0.7163,0.7150,0.7137,0.7125,0.7112,0.7099,0.7087,0.7074,0.7061,0.7049,0.7036,0.7023,0.7011,0.6998,0.6986,0.6973,0.6960,0.6948,0.6935,0.6923,0.6910,0.6898,0.6886,0.6873,0.6861,0.6848,0.6836,0.6824,0.6811,0.6799,0.6786,0.6774,0.6762,0.6750,0.6737,0.6725,0.6713,0.6700,0.6688,0.6676,0.6664,0.6652,0.6639,0.6627,0.6615,0.6603,0.6591,0.6579,0.6567,0.6554,0.6542,0.6530,0.6518,0.6506,0.6494,0.6482,0.6470,0.6458,0.6446,0.6434,0.6422,0.6410,0.6398,0.6386,0.6374,0.6362,0.6351,0.6339,0.6327,0.6315,0.6303,0.6291,0.6279,0.6267,0.6256,0.6244,0.6232,0.6220,0.6208,0.6197,0.6185,0.6173,0.6161,0.6150,0.6138,0.6126,0.6115,0.6103,0.6091,0.6080,0.6068,0.6056,0.6045,0.6033,0.6021,0.6010,0.5998,0.5987,0.5975,0.5964,0.5952,0.5940,0.5929,0.5917,0.5906,0.5894,0.5883,0.5871,0.5860,0.5848,0.5837,0.5825,0.5814,0.5803,0.5791,0.5780,0.5768,0.5757,0.5745,0.5734,0.5723,0.5711,0.5700,0.5689,0.5677,0.5666,0.5655,0.5643,0.5632,0.5621,0.5609,0.5598,0.5587,0.5576,0.5564,0.5553,0.5542,0.5531,0.5519,0.5508,0.5497,0.5486,0.5475,0.5463,0.5452,0.5441,0.5430,0.5419,0.5408,0.5396,0.5385,0.5374,0.5363,0.5352,0.5341,0.5330,0.5319,0.5308,0.5297,0.5286,0.5274,0.5263,0.5252,0.5241,0.5230,0.5219,0.5208,0.5197,0.5186,0.5175,0.5164,0.5153,0.5142,0.5131,0.5121,0.5110,0.5099,0.5088,0.5077,0.5066,0.5055,0.5044,0.5033,0.5022,0.5011,0.5001,0.4990,0.4979,0.4968,0.4957,0.4946,0.4935,0.4925,0.4914,0.4903,0.4892,0.4881,0.4871,0.4860,0.4849,0.4838,0.4828,0.4817,0.4806,0.4795,0.4785,0.4774,0.4763,0.4752,0.4742,0.4731,0.4720,0.4710,0.4699,0.4688,0.4678,0.4667,0.4656,0.4646,0.4635,0.4624,0.4614,0.4603,0.4592,0.4582,0.4571,0.4561,0.4550,0.4540,0.4529,0.4518,0.4508,0.4497,0.4487,0.4476,0.4466,0.4455,0.4444,0.4434,0.4423,0.4413,0.4402,0.4392,0.4381,0.4371,0.4360,0.4350,0.4340,0.4329,0.4319,0.4308,0.4298,0.4287,0.4277,0.4266,0.4256,0.4246,0.4235,0.4225,0.4214,0.4204,0.4194,0.4183,0.4173,0.4162,0.4152,0.4142,0.4131,0.4121,0.4111,0.4100,0.4090,0.4080,0.4069,0.4059,0.4049,0.4038,0.4028,0.4018,0.4007,0.3997,0.3987,0.3977,0.3966,0.3956,0.3946,0.3936,0.3925,0.3915,0.3905,0.3895,0.3884,0.3874,0.3864,0.3854,0.3844,0.3833,0.3823,0.3813,0.3803,0.3793,0.3782,0.3772,0.3762,0.3752,0.3742,0.3732,0.3722,0.3711,0.3701,0.3691,0.3681,0.3671,0.3661,0.3651,0.3641,0.3631,0.3620,0.3610,0.3600,0.3590,0.3580,0.3570,0.3560,0.3550,0.3540,0.3530,0.3520,0.3510,0.3500,0.3490,0.3480,0.3470,0.3460,0.3450,0.3440,0.3430,0.3420,0.3410,0.3400,0.3390,0.3380,0.3370,0.3360,0.3350,0.3340,0.3330,0.3320,0.3310,0.3300,0.3290,0.3280,0.3271,0.3261,0.3251,0.3241,0.3231,0.3221,0.3211,0.3201,0.3191,0.3181,0.3172,0.3162,0.3152,0.3142,0.3132,0.3122,0.3112,0.3103,0.3093,0.3083,0.3073,0.3063,0.3054,0.3044,0.3034,0.3024,0.3014,0.3005,0.2995,0.2985,0.2975,0.2965,0.2956,0.2946,0.2936,0.2926,0.2917,0.2907,0.2897,0.2887,0.2878,0.2868,0.2858,0.2848,0.2839,0.2829,0.2819,0.2810,0.2800,0.2790,0.2781,0.2771,0.2761,0.2752,0.2742,0.2732,0.2723,0.2713,0.2703,0.2694,0.2684,0.2674,0.2665,0.2655,0.2645,0.2636,0.2626,0.2617,0.2607,0.2597,0.2588,0.2578,0.2569,0.2559,0.2549,0.2540,0.2530,0.2521,0.2511,0.2501,0.2492,0.2482,0.2473,0.2463,0.2454,0.2444,0.2435,0.2425,0.2416,0.2406,0.2397,0.2387,0.2377,0.2368,0.2358,0.2349,0.2339,0.2330,0.2320,0.2311,0.2302,0.2292,0.2283,0.2273,0.2264,0.2254,0.2245,0.2235,0.2226,0.2216,0.2207,0.2198,0.2188,0.2179,0.2169,0.2160,0.2150,0.2141,0.2132,0.2122,0.2113,0.2103,0.2094,0.2085,0.2075,0.2066,0.2056,0.2047,0.2038,0.2028,0.2019,0.2010,0.2000,0.1991,0.1982,0.1972,0.1963,0.1954,0.1944,0.1935,0.1926,0.1916,0.1907,0.1898,0.1888,0.1879,0.1870,0.1860,0.1851,0.1842,0.1833,0.1823,0.1814,0.1805,0.1795,0.1786,0.1777,0.1768,0.1758,0.1749,0.1740,0.1731,0.1721,0.1712,0.1703,0.1694,0.1685,0.1675,0.1666,0.1657,0.1648,0.1638,0.1629,0.1620,0.1611,0.1602,0.1592,0.1583,0.1574,0.1565,0.1556,0.1547,0.1537,0.1528,0.1519,0.1510,0.1501,0.1492,0.1482,0.1473,0.1464,0.1455,0.1446,0.1437,0.1428,0.1419,0.1409,0.1400,0.1391,0.1382,0.1373,0.1364,0.1355,0.1346,0.1337,0.1328,0.1318,0.1309,0.1300,0.1291,0.1282,0.1273,0.1264,0.1255,0.1246,0.1237,0.1228,0.1219,0.1210,0.1201,0.1192,0.1183,0.1174,0.1165,0.1156,0.1147,0.1138,0.1129,0.1120,0.1111,0.1102,0.1093,0.1084,0.1075,0.1066,0.1057,0.1048,0.1039,0.1030,0.1021,0.1012,0.1003,0.0994,0.0985,0.0976,0.0967,0.0958,0.0949,0.0940,0.0931,0.0922,0.0913,0.0904,0.0896,0.0887,0.0878,0.0869,0.0860,0.0851,0.0842,0.0833,0.0824,0.0815,0.0806,0.0798,0.0789,0.0780,0.0771,0.0762,0.0753,0.0744,0.0735,0.0727,0.0718,0.0709,0.0700,0.0691,0.0682,0.0674,0.0665,0.0656,0.0647,0.0638,0.0629,0.0621,0.0612,0.0603,0.0594,0.0585,0.0577,0.0568,0.0559,0.0550,0.0541,0.0533,0.0524,0.0515,0.0506,0.0497,0.0489,0.0480,0.0471,0.0462,0.0454,0.0445,0.0436,0.0427,0.0419,0.0410,0.0401,0.0392,0.0384,0.0375,0.0366,0.0357,0.0349,0.0340,0.0331,0.0323,0.0314,0.0305,0.0296,0.0288,0.0279,0.0270,0.0262,0.0253,0.0244,0.0236,0.0227,0.0218,0.0210,0.0201,0.0192,0.0184,0.0175,0.0166,0.0158,0.0149,0.0140,0.0132,0.0123,0.0114,0.0106,0.0097,0.0088,0.0080,0.0071,0.0063,0.0054,0.0045,0.0037,0.0028,0.0020,0.0011,0.0002,0.0000,0.0000,0.0000,0.0000,0.0000,0.0000,0.0000,0.0000,0.0000,0.0000,0.0000,0.0000,0.0000,0.0000,0.0000,0.0000,0.0000,0.0000,0.0000,0.0000,0.0000,0.0000,0.0000,0.0000,0.0000,0.0000,0.0000,0.0000,0.0000,0.0000,0.0000,0.0000,0.0000,0.0000,0.0000,0.0000,0.0000,0.0000,0.0000,0.0000,0.0000,0.0000,0.0000,0.0000,0.0000,0.0000,0.0000,0.0000,0.0000,0.0000,0.0000,0.0000,0.0000,0.0000,0.0000,0.0000,0.0000,0.0000,0.0000,0.0000,0.0000,0.0000,0.0000,0.0000,0.0000,0.0000,0.0000,0.0000,0.0000,0.0000,0.0000,0.0000,0.0000,0.0000,0.0000,0.0000,0.0000,0.0000,0.0000,0.0000,0.0000,0.0000,0.0000,0.0000,0.0000,0.0000,0.0000,0.0000,0.0000,0.0000,0.0000,0.0000,0.0000,0.0000,0.0000,0.0000,0.0000,0.0000,0.0000,0.0000,0.0000,0.0000,0.0000,0.0000,0.0000,0.0000,0.0000,0.0000,0.0000,0.0000,0.0000,0.0000,0.0000,0.0000,0.0000,0.0000,0.0000,0.0000,0.0000,0.0000,0.0000,0.0000,0.0000,0.0000,0.0000,0.0000,0.0000,0.0000,0.0000,0.0000,0.0000,0.0000,0.0000,0.0000,0.0000,0.0000,0.0000,0.0000,0.0000,0.0000,0.0000,0.0000,0.0000,0.0000,0.0000,0.0000,0.0000,0.0000,0.0000,0.0000,0.0000,0.0000,0.0000,0.0000,0.0000,0.0000,0.0000,0.0000,0.0000,0.0000,0.0000
